INSERTION	No00	No01	No11	GWD.00	CLM.00	BEB.00	PEL.00	LWK.00	MSL.00	GBR.00	IBS.00	ASW.00	FIN.00	TSI.00	KHV.00	CEU.00	YRI.00	CHB.00	STU.00	CHS.00	ESN.00	ACB.00	GIH.00	PJL.00	MXL.00	ITU.00	CDX.00	JPT.00	PUR.00	GWD.01	CLM.01	BEB.01	PEL.01	LWK.01	MSL.01	GBR.01	IBS.01	ASW.01	FIN.01	TSI.01	KHV.01	CEU.01	YRI.01	CHB.01	STU.01	CHS.01	ESN.01	ACB.01	GIH.01	PJL.01	MXL.01	ITU.01	CDX.01	JPT.01	PUR.01	GWD.11	CLM.11	BEB.11	PEL.11	LWK.11	MSL.11	GBR.11	IBS.11	ASW.11	FIN.11	TSI.11	KHV.11	CEU.11	YRI.11	CHB.11	STU.11	CHS.11	ESN.11	ACB.11	GIH.11	PJL.11	MXL.11	ITU.11	CDX.11	JPT.11	PUR.11	
1.106015875	1838	52	87	51	68	73	76	51	49	75	98	39	90	90	69	86	53	63	90	78	48	58	92	84	55	95	78	56	73	11	0	0	0	7	6	0	0	2	0	0	0	0	7	0	0	0	9	9	0	0	0	0	0	0	1	22	0	0	0	13	10	0	0	5	0	0	0	0	9	0	0	0	20	7	0	0	1	0	0	0	0	
1.111802592	750	962	717	41	22	24	17	24	27	31	35	16	38	42	23	22	28	41	31	32	27	30	30	32	17	42	13	30	35	40	35	33	42	43	35	30	37	21	33	40	36	47	35	33	44	35	44	36	51	36	26	37	42	38	33	32	34	22	26	27	21	24	30	20	26	24	41	24	32	23	27	39	26	29	24	26	21	24	43	24	28	
11.60449890	2215	139	41	112	65	78	48	89	84	85	97	57	99	103	84	92	91	80	101	93	87	95	101	93	52	101	78	75	75	0	17	0	24	4	0	0	0	1	0	0	9	0	2	13	0	12	7	0	1	1	9	0	12	8	19	0	7	0	9	1	0	0	0	0	0	0	5	1	0	2	0	2	2	1	0	1	2	0	3	3	2	
12.44313657	1503	693	249	53	72	60	61	28	37	75	85	23	83	92	40	81	29	50	61	56	31	35	78	72	54	70	48	53	76	45	16	16	17	52	32	10	18	25	14	13	42	9	46	37	30	33	46	41	20	20	10	27	34	25	15	15	3	3	7	17	15	0	3	11	1	1	18	4	22	9	11	18	20	20	7	4	0	6	16	14	4	
12.124066477	1874	366	161	53	67	60	80	54	37	60	81	35	81	88	96	69	59	87	89	95	63	57	85	83	52	93	90	86	74	39	14	11	4	21	30	15	17	16	5	16	4	18	29	5	9	5	23	32	16	8	6	5	4	3	11	21	8	6	0	21	17	10	6	7	6	3	0	5	6	2	2	2	11	6	3	2	2	2	4	0	9	
13.90743183	1614	233	197	43	69	49	66	34	35	63	69	28	66	70	73	81	44	80	78	99	42	37	72	81	50	76	85	65	59	36	4	0	2	24	15	10	4	15	14	10	1	5	21	0	1	0	21	10	7	6	5	3	0	2	17	20	3	4	1	23	19	6	7	12	5	10	0	6	19	0	1	0	18	26	1	2	0	4	0	3	7	
15.63374594	246	701	1497	12	16	3	25	22	10	10	13	5	7	19	1	13	10	0	7	0	15	8	6	12	7	9	0	0	16	46	37	19	32	33	32	37	29	26	33	39	2	34	37	5	35	4	33	28	21	33	32	33	2	9	30	55	38	56	28	42	42	38	64	28	59	47	97	47	49	91	61	104	48	60	79	50	24	61	96	83	50	
19.21841536	1739	448	206	76	83	51	70	44	56	75	89	39	75	96	59	86	64	71	69	75	59	53	64	73	50	60	54	60	88	28	6	20	6	28	22	2	7	12	15	4	26	5	24	15	23	21	32	29	23	21	9	33	20	11	6	9	1	8	4	21	6	5	3	7	7	2	13	2	7	8	10	11	6	13	11	2	4	9	18	17	2	
19.22414379	863	966	598	15	42	25	34	16	12	40	51	13	41	42	48	50	14	44	39	58	13	15	34	43	32	26	37	42	37	55	32	34	37	36	34	34	37	17	37	49	34	33	39	37	35	27	38	44	47	34	25	53	41	36	41	43	15	20	12	42	38	12	16	28	19	16	18	11	41	14	29	22	46	37	25	17	5	23	18	13	18	
19.29855781	886	967	592	27	42	38	40	28	25	31	46	17	34	56	19	27	33	18	52	21	29	33	62	41	29	60	19	24	35	46	38	29	35	36	37	31	41	32	37	36	44	43	42	35	38	45	42	40	35	42	21	29	38	36	39	40	10	12	10	33	22	23	19	10	28	15	37	24	20	44	13	41	26	23	9	12	14	12	41	32	22	
19.57996939	2361	54	11	101	88	77	85	91	73	84	101	54	98	104	100	93	91	96	103	106	81	90	105	96	62	103	97	90	92	11	0	0	0	4	8	0	2	2	0	0	0	0	5	0	0	0	15	4	0	0	1	0	0	0	2	1	1	0	0	1	2	0	1	1	0	0	0	0	0	0	0	0	1	2	0	0	0	0	0	0	1	
4.9603240	470	950	1026	23	16	19	31	20	24	1	2	16	2	4	19	3	27	26	28	31	26	19	22	16	14	23	21	32	5	50	38	40	37	47	34	23	32	20	17	22	43	31	42	38	36	34	48	44	48	42	25	47	39	41	32	40	37	20	16	29	26	62	72	22	80	80	38	60	28	31	38	43	23	33	36	38	25	33	38	19	59	
5.64388440	2217	174	32	99	88	76	82	69	68	80	99	47	90	94	94	86	75	95	102	103	78	77	102	88	56	102	94	92	81	13	3	1	2	21	15	4	3	7	6	6	5	7	17	1	1	3	16	15	1	7	7	0	3	0	10	0	0	0	0	4	1	2	2	3	1	4	0	1	3	1	0	0	1	4	1	0	0	0	0	0	4	
6.32648036	1075	382	546	57	42	21	19	68	36	42	56	37	53	55	39	49	54	30	40	28	58	58	43	36	25	36	31	25	37	14	17	19	7	12	10	21	14	8	17	13	10	17	17	14	21	7	17	17	16	23	9	21	4	18	19	17	20	22	31	9	23	13	13	7	20	16	21	23	15	25	30	38	13	15	28	25	16	26	25	33	22	
6.161270899	247	807	1394	12	11	3	2	11	13	17	28	5	28	22	0	17	9	0	4	0	13	14	7	11	5	2	0	0	13	48	36	28	18	33	40	37	44	31	40	52	3	40	41	4	31	4	43	52	42	33	19	40	1	3	44	53	44	47	65	53	31	32	34	23	31	32	97	37	46	93	68	104	40	30	57	52	40	61	97	89	38	
X.93606603	2247	30	21	98	84	76	75	80	74	78	97	54	91	99	96	88	85	89	98	102	83	81	98	95	63	99	91	82	91	7	2	0	0	2	1	0	0	3	0	0	0	0	3	0	0	0	4	5	0	0	0	0	0	0	3	4	0	0	1	1	3	0	0	1	0	0	0	0	5	0	0	0	2	4	0	0	0	0	0	0	0	
11.71875417	18	239	2196	0	0	1	0	0	0	0	0	0	0	0	3	0	1	2	0	2	0	0	1	1	0	1	6	0	0	14	4	7	1	13	13	0	2	6	3	4	17	0	10	19	15	14	15	16	15	10	0	8	16	13	4	99	87	71	84	84	71	86	104	53	96	103	80	94	86	76	88	92	82	80	90	85	64	94	76	79	92	
11.101565789	16	250	2186	2	0	0	0	2	1	0	0	1	0	0	2	0	2	0	0	0	3	3	0	0	0	0	0	0	0	17	3	13	1	18	13	0	1	17	0	0	19	0	16	8	12	7	18	27	5	15	0	20	12	3	5	94	88	66	84	77	69	86	105	41	99	107	79	94	79	89	91	101	76	66	101	81	64	83	86	89	91	
12.55727210	248	662	1521	13	3	1	1	17	17	1	5	6	2	6	20	3	17	20	7	27	19	9	6	4	1	5	20	16	2	39	26	26	14	37	27	22	18	22	14	17	31	25	32	31	31	42	30	20	15	23	19	23	28	22	28	58	61	50	70	41	39	63	83	30	83	84	46	66	46	45	65	39	46	67	85	69	44	75	49	51	66	
3.14132679	51	224	2178	9	0	0	0	5	8	0	0	3	0	0	0	0	11	0	0	0	9	6	0	0	0	0	0	0	0	39	4	0	1	32	28	0	0	15	0	0	0	0	33	0	0	0	39	24	0	0	2	0	0	0	7	65	87	79	84	60	48	86	106	41	99	107	100	94	53	97	103	108	49	66	106	96	62	103	98	92	89	
3.195654395	16	210	2227	0	0	0	10	0	0	0	0	0	0	0	3	0	0	0	0	0	0	0	1	0	0	1	1	0	0	0	4	8	27	1	0	7	8	0	8	9	11	8	0	13	11	8	0	1	11	12	7	18	10	18	10	113	87	71	48	96	84	79	98	59	91	98	86	86	97	84	92	100	97	95	94	84	57	84	87	74	86	
4.120263688	163	62	2066	6	6	4	8	4	12	7	7	5	2	6	8	4	5	7	3	11	4	10	4	4	4	2	13	10	7	4	5	2	0	1	4	4	0	3	1	1	1	0	7	1	0	3	2	4	5	1	3	4	3	0	3	95	76	71	72	74	61	72	94	47	88	95	83	87	78	80	95	85	86	73	93	87	52	94	75	73	80	
5.8937848	110	590	1753	3	6	3	0	5	7	7	9	9	2	9	0	6	4	0	3	0	8	5	4	3	4	5	0	0	8	32	26	22	12	39	28	28	30	16	18	36	4	37	36	3	24	4	31	32	29	22	12	24	3	5	37	78	59	54	73	53	49	51	67	34	79	62	96	51	57	94	76	104	58	59	73	71	48	74	95	87	51	
7.158029477	1514	587	309	97	52	53	53	62	68	43	58	38	45	56	52	48	67	54	77	47	68	67	61	66	41	68	58	55	60	10	17	21	24	20	11	23	25	14	21	32	30	33	24	28	24	27	17	24	30	25	16	23	29	19	20	6	18	3	7	13	4	18	22	6	26	19	17	13	3	12	2	27	12	4	14	4	7	11	10	16	15	
8.7355392	665	269	765	29	20	19	22	16	22	28	34	16	33	30	30	27	12	29	28	39	26	20	24	25	22	24	38	23	29	13	14	11	11	6	6	16	9	8	7	13	12	10	7	13	12	6	10	7	14	15	10	13	5	13	8	55	27	27	11	49	33	17	27	25	22	27	22	21	51	19	32	22	46	43	27	36	21	42	11	24	28	
8.18651453	912	834	677	35	45	28	37	20	23	51	72	22	56	68	16	59	25	11	36	21	26	23	48	34	38	38	13	17	50	41	36	32	25	35	30	25	22	19	28	24	35	22	35	48	35	33	39	43	35	41	14	40	30	30	37	37	9	18	21	42	31	9	7	17	14	11	49	13	36	37	31	53	32	28	21	21	11	24	55	42	8	
