logFC	logCPM	LR	PValue	FDR
ENSG00000203989.4_2	6.97878336541731	-2.43831948005884	441.819933398517	4.34870960271883e-98	8.44432430655943e-94
ENSG00000135549.10	2.11719689544196	-2.61979480090113	94.2782528658031	2.74145733730175e-22	2.66168092878626e-18
ENSG00000261704.2_2	3.32775217680535	-0.42009076400721	56.8712244557274	4.65304843408706e-14	2.97762768463092e-10
ENSG00000253545.1_2	2.51569745491441	-0.771750051452301	56.3279439951615	6.13374741915937e-14	2.97762768463092e-10
ENSG00000173585.15_2	4.53449055019936	-3.13996029413542	54.0961646666822	1.9091354667481e-13	7.41431849866293e-10
ENSG00000211890.3	2.91952101469508	4.88694357966908	51.2162423419744	8.27312620617947e-13	2.67745941119322e-09
ENSG00000249072.1_4	1.76779554523756	1.40724218897489	47.138847137277	6.61318844899481e-12	1.83449847575116e-08
ENSG00000006747.14_2	2.03658150997663	0.0358919451828659	44.3505214397006	2.74538870972203e-11	6.66374474567279e-08
ENSG00000120332.15_2	1.64414243728166	-0.17636529403672	40.4511943978588	2.0158917835443e-10	4.3493985169848e-07
ENSG00000211942.3_3	2.4550255875737	2.6008743377177	39.8653782003225	2.72083525193776e-10	5.28331789221274e-07
ENSG00000013297.11_4	2.33282217487176	-3.36949716967226	39.3968915259609	3.45847085872267e-10	6.10514428497062e-07
ENSG00000126010.5_2	1.51365081159044	-1.64010205681495	38.4892700871767	5.50555428124045e-10	8.90890441942726e-07
ENSG00000003147.17_3	0.987873890677482	0.88495156172085	35.4965149343406	2.55507309581091e-09	3.81649302880433e-06
ENSG00000211673.2_2	2.37093363557695	5.73345785727779	32.9365620569894	9.52156162533413e-09	1.32064059743384e-05
ENSG00000271691.1_4	3.00243658291329	-2.75886493476137	30.3495751606013	3.60785982255285e-08	4.3851782165059e-05
ENSG00000254167.1_2	2.90749524973356	-3.40381839654376	30.3466582512193	3.61328929158999e-08	4.3851782165059e-05
ENSG00000145824.12_2	2.00685882048833	-2.49002902981168	29.7038139382795	5.03356909841648e-08	5.74952027959125e-05
ENSG00000135929.8_3	1.5951958590437	0.130135928319122	29.4889555511678	5.62362533173537e-08	6.0666420384243e-05
ENSG00000198624.12_2	0.350283971404364	6.50356414249847	28.5785616747921	8.9972828460511e-08	9.19522306866422e-05
ENSG00000260048.2_2	2.62455524349565	-0.679302019645765	28.2613569729494	1.0599092865504e-07	0.000102906592631179
ENSG00000253822.1_2	3.4792047643802	-1.19979307439695	27.9853023149764	1.22240385532582e-07	0.000113031609822461
ENSG00000223886.3_4	0.628161631858918	1.41206369370113	27.4707203146377	1.59490908350001e-07	0.000140772475379106
ENSG00000121064.12_3	0.391181617931404	4.32367299259836	25.5073149492302	4.40708855603901e-07	0.000372073241657242
ENSG00000253293.4_3	2.14290203983064	-3.44961424225956	25.3244336015198	4.84532034599011e-07	0.00039202679366015
ENSG00000223914.2_4	1.8061060088441	-2.66609488346336	24.694367055691	6.7180237847118e-07	0.000521802343406135
ENSG00000266969.1_4	-0.424793925320655	1.52769625669756	24.1793648800003	8.77676461991394e-07	0.000655489289959573
ENSG00000211647.1_2	2.94504758377194	-2.21532503989007	23.8513740131315	1.04067569926171e-06	0.000686132150976792
ENSG00000259187.1_4	0.821469585696281	-0.30307829288949	23.8266240779679	1.05414268101682e-06	0.000686132150976792
ENSG00000150867.13_3	0.311011723880834	6.37563926714139	23.7252477660912	1.11115247940444e-06	0.000686132150976792
ENSG00000170266.15_3	0.264594479688482	4.11562296068509	23.7064150777193	1.12207889202094e-06	0.000686132150976792
ENSG00000175215.10_3	0.37529258845842	5.69714366706822	23.6855838540859	1.13429037940443e-06	0.000686132150976792
ENSG00000196975.15_2	0.363726343649192	5.58891596943685	23.6375247945314	1.16297399202223e-06	0.000686132150976792
ENSG00000133401.15_3	1.25298049448269	0.739632889792341	23.6324415449005	1.16605010723216e-06	0.000686132150976792
ENSG00000253703.2_2	2.49678692606306	-2.5559958909145	23.4741228535684	1.26605239140485e-06	0.000723064862832332
ENSG00000132196.13_2	0.290721358815104	3.76636144612657	23.2064705126587	1.45506922299336e-06	0.000807272404916715
ENSG00000143185.3_2	1.72262169355672	-1.14362380567875	22.9159697788615	1.69239930611528e-06	0.00089605344983315
ENSG00000066056.13_2	1.1832909982244	0.906216817652289	22.860600310065	1.74186009160059e-06	0.00089605344983315
ENSG00000211950.2_2	2.09418019516628	3.339445228182	22.8477671185896	1.75352925603356e-06	0.00089605344983315
ENSG00000253780.1_2	4.33444608047091	-3.99783451913735	22.7241146032543	1.8700628085914e-06	0.000931099477364817
ENSG00000138193.15_3	-0.542016550988416	1.04106758000078	22.638088574163	1.95568884961674e-06	0.000949389152046448
ENSG00000164946.19_2	2.20399544903848	-2.2274525260014	22.5808201686884	2.01486077709339e-06	0.000954257721209744
ENSG00000135127.11_4	0.732198641522015	2.19432935240045	21.6681427272029	3.24129754488344e-06	0.00149855989825111
ENSG00000261278.1_4	-0.610472620764659	-0.182304185918348	21.5581892084626	3.43253843189178e-06	0.00153489586640953
ENSG00000259039.1_4	1.90077515012637	-3.36042855158051	21.5329669938414	3.47798012782055e-06	0.00153489586640953
ENSG00000104660.17_3	0.242438644178515	3.78508688165969	21.4374292572066	3.65564813917571e-06	0.00156264605325891
ENSG00000211943.2_2	1.93261182492648	4.22359901305994	21.3710977744188	3.78433219916982e-06	0.00156264605325891
ENSG00000237090.1_4	0.476099564421386	-1.07378955426061	21.3663472587972	3.79372083538816e-06	0.00156264605325891
ENSG00000070614.14_3	0.371022488297783	4.50321872939476	21.3317741780291	3.8627567492238e-06	0.00156264605325891
ENSG00000120885.21_4	1.52479804780049	-0.958416992848952	21.1286536284784	4.29458377925652e-06	0.00170188220052251
ENSG00000205846.3_3	2.11292136882812	-3.09955651486308	20.9401916065758	4.73847730486757e-06	0.00183431734444686
ENSG00000273090.1_4	1.0119142543059	-0.954759943816752	20.908427224666	4.81770442717013e-06	0.00183431734444686
ENSG00000183255.11_3	0.253447587979828	5.09159336861294	20.8662842312851	4.92487385355448e-06	0.00183906154785232
ENSG00000083857.13_4	1.70536303903864	-0.423959441788228	20.8009971393047	5.09564263473059e-06	0.0018669280883245
ENSG00000101413.11_2	0.194228120844989	4.45765060564547	20.418912929371	6.22119243511485e-06	0.00215228832604964
ENSG00000211676.2_2	1.67211704841984	2.98777306823967	20.4161219208893	6.23027194106657e-06	0.00215228832604964
ENSG00000179562.2_2	0.196295300411654	4.2380320428147	20.4038482939851	6.27035773028707e-06	0.00215228832604964
ENSG00000166839.16_4	-0.726436305568881	1.87095167495733	20.3831000499595	6.33871131682449e-06	0.00215228832604964
ENSG00000126603.8_2	0.783925703116657	0.325308472174998	20.3561210080747	6.42871165469561e-06	0.00215228832604964
ENSG00000225544.1_4	0.395559188459572	0.233233173135089	20.1842229202981	7.03306135555764e-06	0.00231471161698675
ENSG00000231721.7_4	-0.621198030444368	1.64558113432377	20.1329152286173	7.22426590168756e-06	0.00233801325464948
ENSG00000130208.9_3	0.947946219498046	-1.31774388078345	20.0638329331093	7.4899795009498e-06	0.00238426921228595
ENSG00000180357.9_3	0.408231957983566	5.29943158688093	19.9550838770529	7.92828655226967e-06	0.00248308819793504
ENSG00000185989.10_3	0.394427090653238	4.11620329733158	19.7778857211955	8.69832747020062e-06	0.00268101782248184
ENSG00000124570.18_3	1.16951271498889	-0.129127988124161	19.7305215370119	8.9165857876759e-06	0.00270534785664204
ENSG00000068097.14_4	0.345649617049991	2.91436238125827	19.6638458514614	9.23318417863275e-06	0.00272499744337812
ENSG00000119698.11_2	1.97902930224348	-1.0665487312525	19.6578882732274	9.26201623560387e-06	0.00272499744337812
ENSG00000198133.8_3	1.03300292166733	-0.941650219909661	19.3824367678328	1.06986468520675e-05	0.00310069141154398
ENSG00000084731.14_3	0.525354901497765	0.330943617963014	19.3417231098044	1.09291942800261e-05	0.00312092786072862
ENSG00000284263.1_3	-0.566540753095897	0.152969578258663	19.1945789445653	1.18048152597475e-05	0.00330584118143458
ENSG00000171759.9_3	1.33009301128055	-1.29261720846389	19.1764861383729	1.19172356937079e-05	0.00330584118143458
ENSG00000130517.13_3	0.312841480918724	4.75383362549068	19.1263158768237	1.22346269335981e-05	0.00334608430699447
ENSG00000211654.2_2	2.89973355196503	0.621427746065392	19.0820342676324	1.25218109602728e-05	0.00337706285036912
ENSG00000143149.12_2	0.221328222519504	4.87996291513724	18.9847062348602	1.31770413589132e-05	0.0035050930014709
ENSG00000253448.1_2	2.17171465735173	-1.47971107376197	18.8464012703916	1.41678149049e-05	0.00371771121382902
ENSG00000107745.18_4	0.222461790998152	4.34204969164982	18.718010127883	1.51544369877487e-05	0.00392358476570807
ENSG00000166272.16_3	0.179012704039677	4.20677042148766	18.5901554666024	1.62055262138659e-05	0.00411490178860136
ENSG00000148730.6_2	0.244066164826085	6.28542343712752	18.5770638118435	1.63172024782318e-05	0.00411490178860136
ENSG00000153029.14_2	0.233198519685567	4.9038226077499	18.5482562869011	1.65656700317326e-05	0.00412400231636134
ENSG00000163053.10_3	1.15247882156392	-1.26349027017105	18.4591926496803	1.73581499727304e-05	0.00426658931861366
ENSG00000135926.14_5	0.317557091551357	4.55522352840028	18.40165330325	1.78902687389035e-05	0.00434241547965035
ENSG00000146416.18_4	0.321908182575122	3.58449559965163	18.2450950677776	1.94225450200342e-05	0.00465613554566697
ENSG00000254615.2_4	0.990385657945787	-2.04994995077472	18.2016714991485	1.98704369272764e-05	0.00470541639333968
ENSG00000212978.6_4	0.214331474207	2.52690253077502	18.1425057139482	2.04974507212386e-05	0.00479215243060495
ENSG00000068489.12_3	0.325944994686198	4.91274559356867	18.1209963983922	2.07302916969212e-05	0.00479215243060495
ENSG00000132670.20_4	0.145207625288393	5.13385691679023	18.023871341262	2.1815221570576e-05	0.00494889880987509
ENSG00000280182.1_4	0.976998961185613	-2.32952946808736	18.0149163419703	2.19180810407487e-05	0.00494889880987509
ENSG00000159388.5_2	0.33480238706463	6.57411896980152	17.9375465911376	2.28273099104998e-05	0.00509495061887455
ENSG00000261289.2_4	2.09912100406538	-0.924925414609006	17.9134029787198	2.31187253425635e-05	0.00510135691706702
ENSG00000151131.10_4	-0.222233127631009	3.77393615410612	17.8727948941109	2.3617323979669e-05	0.00511314226144873
ENSG00000197746.13_3	0.342164565677655	7.28683192945803	17.8617035411975	2.37553759137938e-05	0.00511314226144873
ENSG00000162441.11_2	0.356213923931999	3.0099539535283	17.8452159112057	2.39620942317352e-05	0.00511314226144873
ENSG00000229939.1_4	-0.604334946804361	1.97717699089992	17.8240487055629	2.42301360708306e-05	0.00511413893721075
ENSG00000188897.8_5	-1.21230830183721	-0.484496755161456	17.7711673028666	2.49130169180684e-05	0.00514662420530629
ENSG00000102034.16_2	0.261739165578419	5.03869033569396	17.7710819124608	2.49141350962402e-05	0.00514662420530629
ENSG00000164366.3_3	0.203243748505796	2.91930300872852	17.7241080903141	2.5536960221672e-05	0.00521975466930976
ENSG00000101290.13_3	0.205639301643578	4.92634431212526	17.6374144823826	2.67278081459195e-05	0.00540625602684858
ENSG00000182446.13_3	0.251672551804174	5.74206375152045	17.544587642044	2.80648493798737e-05	0.00553533238035138
ENSG00000130164.13_4	0.316109340942023	5.08268634147582	17.5444198662458	2.80673258223885e-05	0.00553533238035138
ENSG00000136485.14_2	0.219501956121405	6.43429435168239	17.4996192199632	2.8736523260978e-05	0.00553533238035138
ENSG00000166963.12_3	0.928346303872222	-2.76166154961174	17.494780245859	2.88097568910287e-05	0.00553533238035138
ENSG00000235376.5_3	0.300880450805989	1.4326239774598	17.4801872357443	2.90317469491867e-05	0.00553533238035138
ENSG00000168763.15_2	0.281201202528063	3.26258206715763	17.4684567302124	2.92114380301847e-05	0.00553533238035138
ENSG00000140577.15_3	0.252579967869521	4.48642936162198	17.4337803515824	2.97491826104411e-05	0.00553533238035138
ENSG00000250902.1_4	0.745126951025168	0.207218173236686	17.4250201262072	2.98865989389678e-05	0.00553533238035138
ENSG00000154678.16_4	1.11055639172599	-0.259062588721634	17.4221663693671	2.99315016962043e-05	0.00553533238035138
ENSG00000154556.17_4	1.16436882050973	0.691634352451322	17.3586447713474	3.09487303174177e-05	0.0056694570311662
ENSG00000144021.2_2	0.134707124149647	4.76110056132583	17.280853391116	3.22419307138357e-05	0.005851157108423
ENSG00000211976.2_3	-3.16070788620443	2.17001908900802	17.2324692170519	3.30735231767168e-05	0.0059464969726434
ENSG00000018408.14_3	0.898936998344635	0.985130738416384	17.1193475342833	3.510288818944e-05	0.00625346681525271
ENSG00000240382.3_3	-2.84653411612802	4.39985861559962	17.0968470639644	3.55212261368981e-05	0.00625815106809633
ENSG00000085185.15_4	0.449637835976455	1.90912625488906	17.0586069848565	3.62437296566794e-05	0.00625815106809633
ENSG00000265415.1_4	0.32017932493527	2.22434552625478	17.0551374552699	3.63100090130958e-05	0.00625815106809633
ENSG00000205018.2_4	-0.833599898246573	-0.894366611484074	17.0494810146092	3.64183268459618e-05	0.00625815106809633
ENSG00000100422.13_2	0.271543795218674	4.82233327415486	17.0091607033916	3.71999070156342e-05	0.00626815898185702
ENSG00000123338.12_3	0.187696098711881	7.06724205823881	16.9967437548652	3.74439798257943e-05	0.00626815898185702
ENSG00000130477.15_4	-1.08029852846323	-1.46988394307173	16.9908405519791	3.75605796035929e-05	0.00626815898185702
ENSG00000162992.3_3	2.29730387427643	-2.68415635970746	16.9803961282818	3.77677722153297e-05	0.00626815898185702
ENSG00000285106.1_1	-0.825672088520491	-0.206878633429555	16.9492393226814	3.83927002159849e-05	0.00629816458350631
ENSG00000168918.13_3	0.218529582631069	6.59437455412468	16.9256314099251	3.88731293310307e-05	0.00629816458350631
ENSG00000112038.17_4	0.883589597754904	-0.498214951538297	16.9114732687868	3.91641466032929e-05	0.00629816458350631
ENSG00000253309.6_4	-0.341905494180155	0.578575755675013	16.9075123866687	3.92459529613896e-05	0.00629816458350631
ENSG00000162664.16_2	-0.266927501581418	4.16667515425998	16.8534384522538	4.03801068072615e-05	0.00633476110294729
ENSG00000142599.17_4	0.420500271585728	5.55241015688803	16.8451633337717	4.05565538940844e-05	0.00633476110294729
ENSG00000171603.16_2	0.269704708700077	5.63795804331871	16.8409647088976	4.06463757034298e-05	0.00633476110294729
ENSG00000112769.18_3	2.52266936468884	-3.86929499136563	16.8241692518477	4.10076879484146e-05	0.00633476110294729
ENSG00000110395.6_4	0.298864324226524	5.59392713641248	16.819664011203	4.11051549578411e-05	0.00633476110294729
ENSG00000006432.15_3	0.382684654567042	3.49620766974616	16.7824855667657	4.19184212579203e-05	0.00640922759044327
ENSG00000073849.14_3	0.293193664612931	7.57972642226498	16.7328873279506	4.30286091592335e-05	0.00650241066195205
ENSG00000148841.15_2	0.321264990208621	3.09033744838537	16.7254506314803	4.31975988975082e-05	0.00650241066195205
ENSG00000171772.16_4	-4.40587462385465	-1.58436583751165	16.7090372920062	4.35729369987647e-05	0.00650845608186164
ENSG00000166333.13_3	0.196943686450863	5.39420332864312	16.6367052519364	4.52664726713947e-05	0.00667543185804723
ENSG00000234665.8_5	0.797840148194042	-0.141230786455387	16.6188309576079	4.56950701965919e-05	0.00667543185804723
ENSG00000121964.14_3	-0.270738877853604	3.29696635704654	16.6143047487164	4.58042474684901e-05	0.00667543185804723
ENSG00000107185.9_2	0.232935879874896	3.9647078106748	16.5991245234505	4.61723301087847e-05	0.00667543185804723
ENSG00000105851.10_3	0.64859188463733	2.49997258799164	16.5893999981548	4.64096869315262e-05	0.00667543185804723
ENSG00000171148.13_2	0.230300926976455	4.88254412193224	16.5171976181214	4.82108076771242e-05	0.00688351076084117
ENSG00000184574.9_2	0.41048488231269	2.47107341592501	16.4757840831967	4.92754357016184e-05	0.00698416357995639
ENSG00000164054.15_4	0.32775593572668	5.58080952829756	16.3983883405676	5.1328854328359e-05	0.00722249053150779
ENSG00000164091.11_2	0.187786996858057	5.83519132909074	16.2782937056768	5.46868333881358e-05	0.00751317731907403
ENSG00000119969.14_3	-0.266931641641094	5.51145625474075	16.2735764225492	5.48231518746652e-05	0.00751317731907403
ENSG00000181852.17_3	0.175271910877931	4.2412803033898	16.2706504736323	5.49078766308993e-05	0.00751317731907403
ENSG00000187268.11_4	-3.22163043460869	-1.53136775112553	16.2694501452067	5.49426718184243e-05	0.00751317731907403
ENSG00000240671.4_3	1.92198752625311	3.05420974533244	16.2561638318659	5.53293004752079e-05	0.00751317731907403
ENSG00000078399.17_3	2.19198392749783	-4.21729683801156	16.2182583148402	5.644744659679e-05	0.00752566888047165
ENSG00000107882.11_2	0.239397306117594	2.62673475606771	16.217517007172	5.64695389438763e-05	0.00752566888047165
ENSG00000229757.2_4	1.15724318122888	-3.33484323773475	16.2136817210506	5.65839765448996e-05	0.00752566888047165
ENSG00000134909.18_3	1.58926363269466	-1.8987825170266	16.177420666738	5.76775302590804e-05	0.00761892709231852
ENSG00000271554.1_4	-0.576012570743926	-0.540658767582997	16.1418520638679	5.87708498402161e-05	0.00771089433917106
ENSG00000052802.12_3	0.271284309959295	5.71725910868858	16.0496958232671	6.17015380654863e-05	0.00804107695406452
ENSG00000185567.6_2	1.18789867663983	-2.39504515446823	15.9734333919831	6.42376396966582e-05	0.00823227485945637
ENSG00000134256.12_2	0.866506381760847	0.244267678733852	15.9730104465847	6.42519931710703e-05	0.00823227485945637
ENSG00000105612.8_2	0.286848551363402	3.89770529844771	15.9494075980421	6.50581359296391e-05	0.00823227485945637
ENSG00000134955.11_4	0.612615234608077	3.92983170246365	15.9462913521086	6.51653271620069e-05	0.00823227485945637
ENSG00000090889.11_2	0.261694553178932	4.04463059185212	15.9427194860664	6.52884091233022e-05	0.00823227485945637
ENSG00000175065.11_3	2.37458241898466	-4.16946086162709	15.9220381625469	6.60056717121063e-05	0.00826902021487535
ENSG00000259736.1_4	0.397753425736175	-0.351551904284019	15.8830564087293	6.73792443970299e-05	0.00835335841912299
ENSG00000227725.3_2	0.241592490935048	1.75568769264306	15.8785673842251	6.75392559379086e-05	0.00835335841912299
ENSG00000064042.17_3	0.97536313730164	-3.47582976070383	15.8616178157305	6.81468781464893e-05	0.00837516506233247
ENSG00000155966.13_4	-1.48327216764519	-2.65106328873455	15.818488498996	6.97179283560613e-05	0.0085143568101761
ENSG00000211951.2_2	-4.11097322000322	2.81788467617566	15.7851718741332	7.09564376212106e-05	0.00858956142514927
ENSG00000170145.4_2	0.300333937992655	4.11413340912354	15.7781992329841	7.12184256591324e-05	0.00858956142514927
ENSG00000167323.11_4	0.20850932520914	5.3943802193572	15.6929505525198	7.45013222611132e-05	0.00893004120781664
ENSG00000241566.1_2	-4.07903686424659	1.51288516412853	15.6794171365242	7.50363154444137e-05	0.00893898879324924
ENSG00000169641.13_4	0.334372977873221	4.20233368748972	15.66129519089	7.57587567071472e-05	0.00894113847130546
ENSG00000264168.2_2	-0.931193836183709	-1.14657940365833	15.6558978795288	7.59752728275518e-05	0.00894113847130546
ENSG00000154274.14_2	1.09975573103741	-2.79498183158533	15.6353043256448	7.68071291359508e-05	0.0089845833347102
ENSG00000251340.1_3	-0.525003894639918	4.54537969869354	15.5756272667276	7.92698412246511e-05	0.0092171363886244
ENSG00000092607.14_3	1.1593864993994	2.78405151165313	15.5402196804889	8.07684107122742e-05	0.0092566298296986
ENSG00000072803.17_3	0.180545616548033	4.95786090010252	15.537491496495	8.08850526234643e-05	0.0092566298296986
ENSG00000081760.16_3	0.226108667342674	4.61374120098759	15.5338826747084	8.10396060896468e-05	0.0092566298296986
ENSG00000213390.10_4	0.220645468805825	4.5513646578039	15.409722293121	8.65418907161361e-05	0.00979467434250816
ENSG00000125885.13_5	-0.299954721684517	4.54659615088522	15.4049900970479	8.67588828361007e-05	0.00979467434250816
ENSG00000224376.1_4	0.485713898491564	0.842762639482015	15.3714142869774	8.83142853677701e-05	0.00988118257052635
ENSG00000196092.12_3	0.28185134970186	6.92876349555364	15.3665297860143	8.8542886356555e-05	0.00988118257052635
ENSG00000168038.10_3	0.516176042281666	0.688037818502758	15.3271450414416	9.04080342426239e-05	0.0100025577636034
ENSG00000149639.14_4	0.48252031443256	4.28854356549048	15.3218719463519	9.06607357294369e-05	0.0100025577636034
ENSG00000151348.13_3	0.227156844209743	3.35296454478787	15.228547233286	9.52525951982155e-05	0.0104202640089056
ENSG00000003056.3	0.169697490992184	6.22291210389037	15.2232532561399	9.55199811301476e-05	0.0104202640089056
ENSG00000245025.2_5	0.549761677862089	2.36321755036784	15.1978239281498	9.68149207310982e-05	0.0105025258701479
ENSG00000008853.16_2	0.518407470238609	4.27301268412602	15.1481725106389	9.93944715120736e-05	0.0106518232053479
ENSG00000211947.2_2	-3.0910133825721	2.91173343643563	15.1420189868001	9.97189473644246e-05	0.0106518232053479
ENSG00000277282.1_2	1.83696172271831	-0.324453588769279	15.1359429891245	0.000100040381193602	0.0106518232053479
ENSG00000121060.16_3	0.214267291434741	6.32644890626423	15.1192375717879	0.000100929519811014	0.0106518232053479
ENSG00000234883.5_3	-0.447206276243861	7.51287757388592	15.1188773368406	0.000100948780505313	0.0106518232053479
ENSG00000066427.22_4	-0.218185042417573	3.46424704869166	15.108922435895	0.000101482505561302	0.0106518232053479
ENSG00000173930.8_2	0.895872240327061	1.48401025298123	15.0520073183205	0.000104588965728297	0.0109188630995272
ENSG00000284526.1_3	-0.366498917192932	5.01095368506701	15.0215074112656	0.000106292872916291	0.0110374064507409
ENSG00000242086.8_4	-0.551816042396489	2.4102682580056	15.0003343302667	0.000107492131211112	0.0111025649141349
ENSG00000167419.10_4	0.325314402816895	-0.349836664968838	14.9735918302291	0.00010902632874157	0.0111787866855646
ENSG00000226650.5_3	0.325729307541081	1.93429016193232	14.9674553031646	0.000109381474418441	0.0111787866855646
ENSG00000065029.14_4	0.206245614175743	3.76836048764161	14.9569186761005	0.000109993989925645	0.0111792348273372
ENSG00000111252.10_2	-0.26474807789888	4.99280080755837	14.9381146871251	0.000111095695023322	0.0111792348273372
ENSG00000105538.9_3	-2.59238790961697	-2.11054217188237	14.9378207472628	0.000111113004515196	0.0111792348273372
ENSG00000134824.13_3	0.316666615030417	7.13496438334494	14.9113588988996	0.000112682460616485	0.0111961465544663
ENSG00000100938.17_2	0.182074850965949	4.73109044619301	14.9040765962709	0.000113118277153465	0.0111961465544663
ENSG00000163597.14_2	-0.306102759480976	5.59178183516924	14.9008299074014	0.000113313124861481	0.0111961465544663
ENSG00000155858.5_2	0.27970317554191	2.14597893456374	14.896268621394	0.000113587438007511	0.0111961465544663
ENSG00000279133.1_5	-0.773942123150302	-1.2253809715416	14.8143583980461	0.000118628845164749	0.0116009687919459
ENSG00000237037.9_4	0.260119323423931	0.801280917686251	14.810222094173	0.000118889318652654	0.0116009687919459
ENSG00000280385.1_1	-0.451814274237725	1.29501883432942	14.7956310079393	0.000119812762188852	0.011604438635507
ENSG00000251333.3_3	0.21739247519025	2.72191203042293	14.7680285905076	0.000121579464958231	0.011604438635507
ENSG00000260621.1_4	0.37388393931845	0.712198228540354	14.7676531231097	0.000121603676804114	0.011604438635507
ENSG00000225630.1_3	-0.483927985683161	9.7463379226943	14.7667995661475	0.00012165873610031	0.011604438635507
ENSG00000165025.14_2	0.329684887625768	6.12271194901135	14.7582752292763	0.000122209983148599	0.011604438635507
ENSG00000087152.15_2	0.210205534653533	4.88351974264638	14.7536435871386	0.000122510553109431	0.011604438635507
ENSG00000224557.7_2	0.694943613833585	1.40904981110701	14.7265641379823	0.000124282825810501	0.0116997903440584
ENSG00000167202.11_3	0.249525970563766	4.98190612774149	14.7121129576884	0.000125239153146432	0.0116997903440584
ENSG00000253239.1_2	-3.21129658358722	1.41220800045029	14.7108246070553	0.000125324770396753	0.0116997903440584
ENSG00000215183.4_2	0.286222482187771	1.43674249012072	14.6428958155867	0.000129923434448409	0.0120157220517298
ENSG00000249119.1_3	-0.469325092930387	6.34768041120469	14.6346894178359	0.000130490374217282	0.0120157220517298
ENSG00000166428.12_2	1.10466724004386	1.59285057314335	14.6336072949333	0.000130565318411525	0.0120157220517298
ENSG00000224769.1_3	-1.72231084900181	-2.3970462636122	14.6188092739973	0.000131594538352102	0.0120290057580574
ENSG00000157110.15_4	0.941113061524089	1.32425787789432	14.6137453048943	0.000131948616050377	0.0120290057580574
ENSG00000187243.16_4	1.25690451267233	-3.30811796439355	14.5759246637489	0.000134623584463004	0.0122155175845916
ENSG00000175730.8_3	0.317562371141365	1.96804073945862	14.5643086773608	0.000135456066196767	0.0122338878763201
ENSG00000211662.2_2	1.7631443870101	5.5009489643618	14.5032054382687	0.000139921252246471	0.0125561372456993
ENSG00000165702.14_4	0.707074149803406	-2.08241064208121	14.4978805825599	0.000140317323221585	0.0125561372456993
ENSG00000148450.12_3	0.31359509838487	2.04928444023393	14.4727267264429	0.000142203621688982	0.0126665592933791
ENSG00000107537.13_4	0.40690893750339	2.16955428422253	14.4500996241387	0.000143922243572613	0.0127611055967717
ENSG00000235750.9_2	0.299778146460424	4.69632299720411	14.4408695537082	0.000144629297183834	0.0127655076941622
ENSG00000101224.17_4	0.26591985633652	4.94218442044231	14.3984108940476	0.000147927090608346	0.0129975033729994
ENSG00000177398.18_3	-1.41156595829584	-2.01313980189628	14.358100970361	0.000151128040027132	0.0132189382038146
ENSG00000134061.5_2	0.740258079101587	4.0069778401729	14.3342324840306	0.000153056183995808	0.0132688951600891
ENSG00000262712.1_5	0.605434103548568	-0.995612641374669	14.3341136939169	0.000153065841789059	0.0132688951600891
ENSG00000163082.9_2	0.379544790796071	4.94453741387938	14.3109282440559	0.000154962647088828	0.013341132899888
ENSG00000242779.6_2	-1.41371934508581	-2.06919472977816	14.3071588215125	0.000155273253443953	0.013341132899888
ENSG00000254176.1_2	2.3299053696764	-3.90555902065382	14.2901124097538	0.000156685751912137	0.0134031891217175
ENSG00000025039.14_2	-0.722596905750505	4.837599269698	14.2679905680703	0.000158538121270223	0.0134827610409611
ENSG00000141298.17_3	0.301231589237481	5.29675496374204	14.2624601103608	0.000159004649211045	0.0134827610409611
ENSG00000196684.12_3	0.233792651563586	5.55568576074798	14.2347985748111	0.000161358902879179	0.0136229007656865
ENSG00000113389.15_4	-2.06468929895384	-2.79506999709725	14.1938942323165	0.000164904739145222	0.0138349948826659
ENSG00000168938.5_2	1.0640764253373	-1.31791604421127	14.1894344295428	0.000165296055864584	0.0138349948826659
ENSG00000271351.1	-2.96201059499313	-3.20351090098384	14.1728110661825	0.000166762898154675	0.0138978624736802
ENSG00000184730.10_2	0.571851777516973	1.54710285848798	14.1266794703621	0.000170902582438926	0.0141266424823821
ENSG00000261113.1_4	-0.328848636845785	0.744510331720887	14.1260137352892	0.000170963074640014	0.0141266424823821
ENSG00000163257.10_2	-0.244334995339831	4.28288630943759	14.1142985966844	0.000172031109706457	0.0141546613910169
ENSG00000091622.15_3	-0.64683763356987	-1.06048578084602	14.0909848374882	0.000174176593516144	0.0142707219109556
ENSG00000215417.12_3	-0.517206336468955	1.0981554141707	14.0194730016699	0.000180927181911133	0.0147312596632888
ENSG00000169403.11_2	0.710138011923896	4.93891991783048	14.0142906421401	0.000181426508652711	0.0147312596632888
ENSG00000172878.13_2	-0.280062648011001	1.86266752517601	14.0075975241942	0.000182073453455006	0.0147312596632888
ENSG00000166813.14_2	0.413284453198624	0.629841227569744	13.9986388426468	0.000182943021816744	0.0147401975005707
ENSG00000244575.3_3	-2.666356771113	4.75219814419091	13.9541219034523	0.000187326470792938	0.0150310140903193
ENSG00000080815.18_3	0.170809706123139	4.62000879709822	13.9222625125808	0.00019052838469084	0.0152250212918796
ENSG00000133985.2_2	0.268466930457725	4.55269474871228	13.9081524813343	0.000191964023952375	0.0152441374676868
ENSG00000131480.8_2	-0.581379122577038	-0.920217831519864	13.9044971680622	0.000192337711380331	0.0152441374676868
ENSG00000173110.7_3	-0.80727222197043	0.282605190014455	13.8881930794928	0.000194013443859767	0.0152902879370656
ENSG00000151687.14_3	-0.27199758813058	0.406575926045312	13.8790890397563	0.000194955547335882	0.0152902879370656
ENSG00000146038.11_2	1.39229026266832	-2.77212607454268	13.8759419507584	0.000195282284910509	0.0152902879370656
ENSG00000231177.4_5	-0.581752439505815	-1.01241330671325	13.8478539053272	0.0001982229900918	0.0154048165550108
ENSG00000279145.1_4	-0.706999681888147	-1.39336544091555	13.8468240253574	0.000198331658190993	0.0154048165550108
ENSG00000146859.6_2	0.309907898455606	4.82854933731062	13.8253919932786	0.000200606735588529	0.0154607660390837
ENSG00000124422.11_3	0.2404119235527	6.38616677562768	13.8250392054658	0.000200644404256314	0.0154607660390837
ENSG00000100647.7_2	0.249455560025881	5.01975205938871	13.8169344632968	0.000201511747358894	0.0154662257320751
ENSG00000204444.10_2	0.21236305687591	1.99348494831971	13.7929170224986	0.000204104262188554	0.0156003940701279
ENSG00000261188.1_4	-0.393014380684138	0.504163938348182	13.783954115578	0.000205080332573763	0.0156003940701279
ENSG00000259684.1_4	-0.408464951322226	0.772582124210893	13.7785598237602	0.000205670042329424	0.0156003940701279
ENSG00000166860.2_2	0.257753110682184	2.23378135164615	13.7704810126284	0.000206556423488332	0.0156066639350055
ENSG00000279528.1_4	-0.386772642657955	0.295838144867597	13.7404036013804	0.000209890393179374	0.0157970994370429
ENSG00000182378.13_5_PAR_Y	0.480694443010303	4.86532692317104	13.7061998645497	0.000213747692635068	0.0159452205764539
ENSG00000122481.16_3	-0.354442178640885	0.284134795208569	13.7000529043992	0.000214448445276857	0.0159452205764539
ENSG00000111961.17_3	0.969295659292294	1.67725013668236	13.6972458650732	0.000214769216803127	0.0159452205764539
ENSG00000003987.13_2	-0.481362595852007	-0.521460435367606	13.693979792906	0.000215143052375678	0.0159452205764539
ENSG00000132155.11_3	0.126055016577738	5.79641940125526	13.6657413299073	0.000218402698843657	0.0160828020560419
ENSG00000123080.10_2	0.483868904586911	3.9165738866439	13.6635658729242	0.000218655873045374	0.0160828020560419
ENSG00000147324.10_2	0.3204685038968	4.65935226185797	13.6088088608461	0.000225126682871647	0.0164962638792514
ENSG00000162704.15_3	0.210371112185059	7.1263981923913	13.5920116415103	0.000227150081156532	0.0165819559244268
ENSG00000226438.1_4	0.806156537199939	-1.94980449249372	13.5827910879938	0.000228268572393487	0.0166011952761675
ENSG00000277149.4_2	0.441491776316601	1.45020461125771	13.5558142057553	0.000231572954465443	0.0167786702604849
ENSG00000258449.1_4	0.399022589460325	3.09166733668837	13.5397110356295	0.000233568353460008	0.0168603356412135
ENSG00000078043.15_4	-0.215443886184738	4.32256592353539	13.5292493542634	0.000234873971999079	0.0168917881047338
ENSG00000153989.7_2	-0.246233284001282	4.98153942043312	13.5117305698823	0.000237076808901224	0.0169315423157023
ENSG00000136816.15_2	0.155185506431803	2.95567329754918	13.5051522780572	0.000237909339151562	0.0169315423157023
ENSG00000067141.16_2	0.732853632341846	-0.443968298010151	13.5032135315575	0.00023815526314215	0.0169315423157023
ENSG00000187742.14_3	-0.187271693486072	4.41533606647407	13.4972404401703	0.000238914542924216	0.0169315423157023
ENSG00000238083.7_2	-0.402561221274058	2.86592644706767	13.4812113988048	0.000240964181395761	0.0169936896806938
ENSG00000229344.1_3	-0.40867524158861	10.7029536269476	13.4767191170936	0.000241541783493227	0.0169936896806938
ENSG00000196411.9_2	-0.609998979584654	-0.676252279717093	13.4626413834078	0.0002433609033293	0.0170221420058435
ENSG00000164066.12_2	0.806407076046946	-2.13597679020988	13.4600333353819	0.000243699427213126	0.0170221420058435
ENSG00000152291.13_2	0.184036996037023	6.61668578670042	13.4344962066917	0.00024703931708986	0.0171935822912219
ENSG00000141699.10_5	0.171966404448959	5.25106400134926	13.3697366147326	0.000255717264128595	0.0176779594954723
ENSG00000169372.12_3	0.265756252495085	1.23047174721455	13.3689856005806	0.000255819683707267	0.0176779594954723
ENSG00000273373.1_4	-0.532923196110757	1.63112988012259	13.3500733792667	0.000258412513116875	0.0177938091478846
ENSG00000181035.13_2	0.278214948333958	3.25390128228815	13.3417069404161	0.000259567970886161	0.0178102150482949
ENSG00000181227.3_3	0.202543862107132	3.15975774366803	13.3192160049861	0.0002626999923777	0.0179398379526068
ENSG00000260966.1_4	-0.659060636616003	-0.655160856990171	13.3124588066338	0.000263648400749631	0.0179398379526068
ENSG00000093167.17_4	-0.227224422817524	4.33783555196637	13.3083360978737	0.000264228739027991	0.0179398379526068
ENSG00000251544.1_3	-0.437685202589009	3.13042626381668	13.3008038731653	0.000265292349360478	0.0179492921250235
ENSG00000102471.13_3	0.236116044770084	3.90058424090193	13.2328517891791	0.000275084963310526	0.0185046795881894
ENSG00000170634.12_3	0.282523193424223	1.10248069689049	13.2306590205059	0.000275406962662825	0.0185046795881894
ENSG00000259959.1_4	-0.322201662504013	0.838607475564592	13.2169162465005	0.000277433704984001	0.0185765782185494
ENSG00000203667.9_2	-0.310098454026334	4.66543432176107	13.1959414884883	0.000280556022468782	0.0187124247811526
ENSG00000249129.1_3	0.290010901830382	1.6253709983121	13.1903799241665	0.000281389846333121	0.0187124247811526
ENSG00000080573.6_2	1.13039800916294	-2.39489656160759	13.1774756666473	0.000283334167544656	0.0187774159228059
ENSG00000079156.16_3	1.12552890718027	-2.21153279684035	13.1510239405947	0.000287362165131238	0.018979586811287
ENSG00000116698.21_4	0.169055891130217	5.89245706220471	13.1443687585078	0.000288384655963182	0.0189825533881121
ENSG00000090863.11_3	0.176682151596526	5.70063437569952	13.1111244670701	0.000293547439845478	0.0192571087395929
ENSG00000269973.1_4	-0.406916479936886	-0.0922676004259343	13.1037296882564	0.000294708447792721	0.0192681772364951
ENSG00000226380.9_5	-0.76383555252996	-1.53189913316834	13.0959086093467	0.000295941424357919	0.019283861000611
ENSG00000100376.11_2	-0.489705186390817	3.51732711218989	13.070162562053	0.000300037092840766	0.0194823785483859
ENSG00000122783.16_3	0.212565212970893	5.11829316534995	13.0641944866491	0.000300994621717775	0.0194823785483859
ENSG00000143753.12_2	0.183900656405956	4.65548665189291	13.0446964645171	0.000304144448032769	0.019565082943261
ENSG00000030110.12_2	0.258565281884436	4.09604615851497	13.0438156669921	0.000304287519253519	0.019565082943261
ENSG00000256148.1_4	0.801506529393201	0.260993404963605	13.0355616201338	0.000305631556592667	0.0195866454320674
ENSG00000189362.11_3	0.204396798042938	2.74654615636536	13.0156050152942	0.000308905949298345	0.0197313675114318
ENSG00000160714.9_2	0.117492645042762	5.32793038220066	12.9950371695556	0.000312317650447512	0.0198838824143928
ENSG00000266094.7_3	0.15743881556472	6.04046492730488	12.9681779226093	0.000316830212874162	0.0201052584104264
ENSG00000267705.1_5	-0.374649188051356	0.474421981986748	12.9477535342617	0.0003203056258457	0.0202272742427851
ENSG00000135299.16_4	-0.41267380961023	0.819406460919401	12.9446541759946	0.000320836361457298	0.0202272742427851
ENSG00000173218.14_2	0.590023009696201	2.43570442837646	12.9322399725055	0.000322971079800877	0.0202364478011831
ENSG00000254109.5_4	1.28207617571421	-2.18090999916861	12.9189461580562	0.000325272937673886	0.0202364478011831
ENSG00000276550.4_1	-0.457386701666017	3.99428518384385	12.9187355671466	0.000325309534823595	0.0202364478011831
ENSG00000167619.11_2	1.02529278799827	-2.7962205666071	12.9152949392515	0.000325908046358666	0.0202364478011831
ENSG00000171747.8_2	1.02799186358152	-3.2245781931361	12.9136613012402	0.000326192613130617	0.0202364478011831
ENSG00000233902.1_4	0.368717934816491	0.976464565766891	12.8655020893592	0.000334695085569655	0.0206977999095273
ENSG00000114738.10_2	0.340699720140114	3.60004968758593	12.8482916418815	0.000337787488237083	0.0207855007414724
ENSG00000134901.12_2	0.229800764347136	1.54834849919528	12.8363834640585	0.000339944020315869	0.0207855007414724
ENSG00000139990.17_3	0.161311060485131	4.75607923924939	12.8345621613684	0.000340275074262268	0.0207855007414724
ENSG00000177000.11_5	0.291444966704307	3.86803092298275	12.8339030748627	0.00034039495497931	0.0207855007414724
ENSG00000283879.1_3	-0.530380274909271	1.28021214686827	12.7951925487967	0.000347511214138407	0.0210303954908375
ENSG00000138755.5_2	1.56400501218725	-0.855898311135327	12.7860743882853	0.000349209148690264	0.0210303954908375
ENSG00000165935.9_4	-0.569471939683135	-0.916072781641701	12.7836223098091	0.00034966718734194	0.0210303954908375
ENSG00000118733.16_2	-1.58171299755145	-2.8958842467853	12.7831043099439	0.00034976402517778	0.0210303954908375
ENSG00000163812.13_3	0.152963878738703	4.34162938803199	12.782801382782	0.000349820668634283	0.0210303954908375
ENSG00000175198.16_4	0.20697488223379	2.43354414061184	12.7732917863391	0.000351603551616395	0.0210723387817505
ENSG00000170365.9_3	0.613189202859594	2.30433044346494	12.7467645650232	0.000356625529989317	0.0212165511006343
ENSG00000258757.1_4	-0.309314986615085	3.65929374259412	12.7449490400937	0.000356971867989037	0.0212165511006343
ENSG00000163933.9_3	0.192733778262206	3.65596706509456	12.7432950714349	0.000357287682042818	0.0212165511006343
ENSG00000135697.9_2	1.02918385211981	-0.0873977580642956	12.7190594087558	0.000361947766577212	0.0214277491810863
ENSG00000093072.15_5	0.508798565116181	4.46777556706515	12.6712662177603	0.000371317981052166	0.0219156612646534
ENSG00000269292.1_4	0.219864784633797	4.99874522978075	12.6588986012402	0.000373782346885922	0.0219942594297904
ENSG00000116704.7_2	0.292430995144763	3.89501323614322	12.6531718963445	0.000374929029085505	0.0219950812289497
ENSG00000172594.12_2	1.11479046046331	-2.93705435121964	12.6223979297212	0.000381152074660416	0.0221495890276812
ENSG00000260831.1	-0.842708325584603	-0.953964823477219	12.6201405187746	0.000381612644415279	0.0221495890276812
ENSG00000177981.10_3	0.149937278841454	3.8801912046953	12.6160412710767	0.000382450431897539	0.0221495890276812
ENSG00000240225.10_3	-0.588077063204533	1.62546490728601	12.6141972655159	0.000382827906978111	0.0221495890276812
ENSG00000227719.1_4	0.645324133964259	-1.65583329906031	12.6071181360107	0.00038428052622798	0.0221495890276812
ENSG00000270550.1_3	-1.86668483800883	5.40374882152839	12.6065039697125	0.00038440681338596	0.0221495890276812
ENSG00000111737.11_2	0.170812643560849	5.25412218176318	12.5760253583704	0.000390726814181722	0.0224099627191449
ENSG00000104067.16_4	1.13724449986528	-1.10068467563832	12.5736021118048	0.000391233770820379	0.0224099627191449
ENSG00000114982.17_3	0.148393579828014	4.49784482633925	12.5615900061678	0.000393756583827007	0.0224881333669201
ENSG00000113649.11_2	-0.17058132968579	5.783312826278	12.5521142272333	0.00039575828518023	0.0225013401450365
ENSG00000149485.18_3	0.280124223611212	5.88536923051184	12.5463464036314	0.000396981725894203	0.0225013401450365
ENSG00000188906.15_4	0.812107095629149	4.19314167437547	12.5397911865937	0.000398376817373638	0.0225013401450365
ENSG00000250169.1_3	-0.65656264593854	-0.915075994591101	12.5372949783865	0.000398909363624546	0.0225013401450365
ENSG00000144642.21_4	-0.886113404318562	0.504988445204125	12.5332130109948	0.000399781766919228	0.0225013401450365
ENSG00000198911.11_3	0.199977462137994	7.40484224288951	12.5275172092793	0.000401002298514515	0.0225048052964013
ENSG00000175567.8_4	0.27266055038641	6.45874868655236	12.5025200380659	0.000406403454857497	0.0227340662592784
ENSG00000087460.24_4	0.160881598676138	8.5291774975696	12.4978118752347	0.000407428934917544	0.0227340662592784
ENSG00000231752.5_2	0.57597714816843	-1.06909928532964	12.4825323127167	0.000410774978634496	0.0227925719121606
ENSG00000277443.2_3	-0.39082091105581	6.81859034224158	12.4676130008373	0.00041406888232187	0.0227925719121606
ENSG00000223496.2_3	-0.20514820487363	3.93642034482304	12.4649082934617	0.000414668878085782	0.0227925719121606
ENSG00000262112.1_4	0.235908392682527	3.02273253816461	12.4615209228492	0.000415421549011366	0.0227925719121606
ENSG00000152953.12_2	-2.38038116661853	-1.10274650627866	12.4599837381659	0.000415763564682683	0.0227925719121606
ENSG00000135218.17_3	-3.76936513964067	-2.22655764314752	12.4573523841119	0.000416349686904329	0.0227925719121606
ENSG00000150938.9_2	0.710545146761053	3.74718247660466	12.4540983062735	0.000417075671081089	0.0227925719121606
ENSG00000211934.3_2	1.48942708298993	4.13409426478125	12.4505545692418	0.000417867731008816	0.0227925719121606
ENSG00000196502.11_3	0.444705595457375	-0.0205104447236495	12.428519241828	0.000422827014579599	0.0229588994531574
ENSG00000121289.17_4	-0.14831608666761	3.14430829304434	12.4217363304952	0.000424365501478195	0.0229588994531574
ENSG00000104154.6_2	0.800610206242223	-0.0404579336850783	12.4213022449201	0.000424464152007597	0.0229588994531574
ENSG00000163125.15_4	0.236971641471591	4.54379902644394	12.3947443209688	0.000430543942790859	0.0232230618919803
ENSG00000131471.6_3	-0.660554795657219	-1.27544106370392	12.3772688385878	0.000434592386094938	0.0233164581759177
ENSG00000183864.4_3	0.24176443999989	4.54748489474796	12.3702413395778	0.000436231214893593	0.0233164581759177
ENSG00000259994.1_4	-0.363246964689972	0.0499874906771009	12.3691811413925	0.000436478996281002	0.0233164581759177
ENSG00000204516.9_3	0.234876851919648	3.74051766703681	12.3666184143811	0.000437078523845609	0.0233164581759177
ENSG00000227986.1_3	-0.391061261203598	-0.514908143124759	12.3605871003529	0.000438492777967093	0.0233278157878494
ENSG00000141668.9_2	-3.78810875727543	-2.40389072118589	12.3253340649835	0.000446851958787006	0.0237075719555357
ENSG00000088305.18_3	0.488922765539618	-0.687127533131044	12.3149280127553	0.00044935003980536	0.0237751473377125
ENSG00000179981.10_4	0.257656159663295	3.04974064363738	12.2905281327595	0.000455262888571484	0.0240225401366334
ENSG00000104687.13_4	0.172956749215073	5.44655258497235	12.2779421954192	0.000458343483844119	0.0241173143833899
ENSG00000005436.13_4	-0.227584802176097	3.79178433742862	12.2730645106074	0.000459543017914011	0.0241173143833899
ENSG00000170161.6_4	0.547697071801613	0.158467485982259	12.2640275909295	0.000461773781008406	0.024169065443723
ENSG00000113083.13_3	-0.725584794323487	-1.99294681001442	12.2559777827333	0.000463770076863103	0.024208299334752
ENSG00000152795.17_4	-0.187903451871965	6.91511149595507	12.2368389189542	0.000468551421237807	0.0243275151151988
ENSG00000180884.9_2	0.285249587177168	1.2255219881748	12.2263221195078	0.000471199915269389	0.0243275151151988
ENSG00000242516.1_2	1.07537904460117	-2.92241985504236	12.2223643188274	0.000472200534622928	0.0243275151151988
ENSG00000130649.9_3	-1.63565241740043	-0.960373863364133	12.2213306566817	0.000472462220203206	0.0243275151151988
ENSG00000249180.1_4	0.258708594666142	1.85143466111807	12.2169575761945	0.000473570945135356	0.0243275151151988
ENSG00000187144.11_2	0.141711153231643	5.03730345527229	12.2169575557222	0.000473570950331915	0.0243275151151988
ENSG00000153208.16_2	0.784418672781982	0.201155114222298	12.2072169917967	0.000476049962551121	0.0243484681671532
ENSG00000004139.13_3	0.193859581644053	4.08613989712304	12.2055064315797	0.000476486656891452	0.0243484681671532
ENSG00000169218.13_2	-0.589180473590584	-1.39558285286286	12.1878918304377	0.000481007129283315	0.0245053392368109
ENSG00000055070.16_2	0.129769310290731	6.74324563827947	12.1837337621282	0.000482080522631669	0.0245053392368109
ENSG00000226549.3_2	0.488884580944019	2.6324514438652	12.1780263069062	0.000483557823416018	0.0245162553918857
ENSG00000269556.7_5	0.209848072786853	2.67520540668028	12.1614730668029	0.000487868308617103	0.0246599795547583
ENSG00000007174.17_4	-2.6018354665874	-3.697929553748	12.1574088845392	0.000488932543443298	0.0246599795547583
ENSG00000135862.5_2	0.353622158688716	4.94617043345138	12.1473367027435	0.00049158012532541	0.0246803591189329
ENSG00000103429.10_2	0.128370445498405	4.84188629712519	12.1462045895355	0.000491878616697242	0.0246803591189329
ENSG00000279377.1_3	-1.81142806406636	-2.51380337934728	12.1316039737134	0.000495744627525657	0.0247251602584646
ENSG00000167123.18_5	0.577614727832869	1.35982325777867	12.128813276927	0.000496487043468662	0.0247251602584646
ENSG00000255389.1_4	-0.535260133426909	-0.829012281730083	12.1284212101524	0.000496591435822495	0.0247251602584646
ENSG00000104998.3_2	0.314260023518894	4.2489235347461	12.1074247991907	0.000502214458743114	0.0249411773909815
ENSG00000118308.15_5	0.367622582485637	6.63134403533542	12.0984388170064	0.000504640580036141	0.0249928574280275
ENSG00000173120.14_2	0.202501310224667	5.99693796886734	12.0940519559673	0.000505829280523989	0.0249928574280275
ENSG00000237162.1_4	-0.914413491989809	0.039678533565627	12.0874073325591	0.000507635147832562	0.0250184246208444
ENSG00000160007.18_3	0.220322065077363	5.09071501359908	12.0747182361891	0.000511101874517715	0.0250857648581242
ENSG00000237798.1_5	0.320564567267048	1.920689979563	12.0668965939956	0.000513250682716441	0.0250857648581242
ENSG00000211652.2_2	-3.6218945479123	3.07174901222055	12.0637637482795	0.00051411391239391	0.0250857648581242
ENSG00000125637.15_3	0.193791199835812	6.57838042651178	12.0622202779512	0.000514539741566079	0.0250857648581242
ENSG00000075234.16_3	0.31112133425246	3.67734298344949	12.0532823098768	0.000517012653823678	0.0250857648581242
ENSG00000089902.9_2	0.235368326362574	3.5220474286349	12.0518003035999	0.000517423845879146	0.0250857648581242
ENSG00000103544.14_4	0.19704209669398	4.23552766331746	12.0495649418133	0.000518044685761035	0.0250857648581242
ENSG00000241839.9_3	0.219388428024212	4.53589692528764	12.0284011462967	0.000523960018436231	0.0251089040958519
ENSG00000211933.2_2	-2.27678886754504	3.37217396219219	12.02825369808	0.000524001468848704	0.0251089040958519
ENSG00000267679.1_2	-0.492056147268266	1.08432184167481	12.0254489394563	0.000524790568856796	0.0251089040958519
ENSG00000119638.12_3	0.166710835935205	5.86324034890877	12.0246091487681	0.000525027071597592	0.0251089040958519
ENSG00000258057.5_4	0.217445162812293	1.12182790956156	12.0227624150375	0.000525547529207608	0.0251089040958519
ENSG00000259314.1_4	0.466795314587543	-0.728567028380932	12.0201630703411	0.000526280974714786	0.0251089040958519
ENSG00000206077.10_2	-1.24707194152039	-2.26266941369705	12.0066858019972	0.000530100395751814	0.0252291408938939
ENSG00000055044.10_2	-0.257694265617866	5.92452946705652	11.9920015608068	0.0005342937312787	0.0253665419901462
ENSG00000100941.8_2	-0.286173219903931	6.20749376150441	11.9822786067928	0.00053708869785728	0.0254370447194943
ENSG00000211650.2_2	2.22928921462128	1.97753153009322	11.9652658081691	0.000542014764559642	0.0256078897766889
ENSG00000117569.18_2	-0.295808671548434	2.7510196788088	11.9539713639265	0.000545310245269101	0.0257010542296976
ENSG00000241095.1_3	0.299421734089759	2.16624904770995	11.944088419018	0.000548210470781635	0.0257289083433524
ENSG00000253464.1	-1.86733479016628	-3.13520604411212	11.942930651436	0.000548551243905031	0.0257289083433524
ENSG00000177885.13_3	0.163119651868543	6.60212922353885	11.9172265302653	0.000556172228364389	0.0260234995912764
ENSG00000175970.10_3	0.187150391257876	4.77836987391908	11.8840892158572	0.000566155037648262	0.0264269195217643
ENSG00000211640.4_2	-2.16999149923129	3.97107735025479	11.8689134052535	0.000570787047249422	0.0265232790203084
ENSG00000136895.18_5	-0.663068467912619	0.68486819868902	11.8654565469643	0.000571847500127654	0.0265232790203084
ENSG00000113161.15_3	0.209893208709656	6.13283569803332	11.8566438450629	0.000574559962154851	0.0265232790203084
ENSG00000253666.1_5	-0.402710315061574	0.760397114870291	11.8531743578284	0.000575631396360731	0.0265232790203084
ENSG00000223797.5_5	0.321925066055439	-0.430517933841994	11.8470150141051	0.000577538474265144	0.0265232790203084
ENSG00000171169.8_2	0.191156423587145	2.38667504041912	11.8432299750176	0.000578713574911501	0.0265232790203084
ENSG00000055957.10_2	0.956766255877936	0.192106294032626	11.8427503440274	0.000578862653056886	0.0265232790203084
ENSG00000134779.14_3	0.207322092210128	5.12918733134937	11.8418368736591	0.000579146683726993	0.0265232790203084
ENSG00000204592.8_2	0.264244905080382	8.75923663760324	11.8357499694682	0.000581042916648481	0.0265475090717181
ENSG00000140545.14_3	0.683564402175171	0.580844077504347	11.8205968118972	0.000585790803749122	0.0267016099230057
ENSG00000120688.8_2	-0.218526861054242	3.72757979184707	11.8101651367338	0.000589082073382314	0.02678874871414
ENSG00000271833.1_5	-0.742095966732922	-1.52249508304632	11.7690751237989	0.000602228933839124	0.0273226201805797
ENSG00000243566.6_3	1.76316759026882	-3.65197710898742	11.762486239929	0.000604364460343471	0.0273555922865956
ENSG00000164920.9_3	0.719762925813945	0.18851026038183	11.7566275733791	0.000606269737740399	0.0273780134126583
ENSG00000104970.10_2	0.75441313557115	0.409491502220293	11.7435835751822	0.000610533547532757	0.0274686713667607
ENSG00000158773.14_3	0.218030790534201	4.33407432293235	11.7376638689384	0.000612478552782438	0.0274686713667607
ENSG00000156599.10_2	0.202378827023186	5.35781287743723	11.7375345897651	0.000612521099073405	0.0274686713667607
ENSG00000241343.9_4	-0.433433789204848	1.81090362527437	11.7252952412014	0.000616562664354414	0.0275434361160195
ENSG00000074706.13_5	0.681508597745638	5.11673397355369	11.7238997793411	0.000617025167909594	0.0275434361160195
ENSG00000046889.18_3	-3.60325009876879	-2.78414061405553	11.7036262851411	0.000623784150843029	0.0277812858740136
ENSG00000032389.12_5	0.16314298904261	4.25620994470062	11.690066863002	0.000628346409265197	0.0278714907424699
ENSG00000145375.7_3	-0.340353320245911	2.58204002765414	11.6890785897565	0.000628680242311351	0.0278714907424699
ENSG00000126091.20_4	-0.401946804861273	-0.120306629712926	11.6708806293029	0.000634859526676253	0.0279593636021015
ENSG00000242498.7_3	0.988446612850493	-2.98886886572008	11.6705336210213	0.000634977950606041	0.0279593636021015
ENSG00000220113.2_3	-1.73464799275591	-3.55793138703246	11.6705219266791	0.000634981941936696	0.0279593636021015
ENSG00000266501.1_4	0.206985873926318	1.80631679496648	11.6579556595508	0.000639285540295388	0.0280678847323285
ENSG00000164022.16_2	-0.196735929641313	4.84852806322603	11.654897085851	0.000640337467114097	0.0280678847323285
ENSG00000137955.15_3	-0.261326723476696	5.3824985003869	11.6280119257431	0.000649659556176138	0.0284123632023159
ENSG00000172915.18_4	0.850076506489701	0.477962207539497	11.6230411796382	0.000651398055189061	0.0284243762599128
ENSG00000119383.19_4	0.238783129325583	5.60819164150377	11.6126173147653	0.000655059035256631	0.0285159303288787
ENSG00000165169.10_2	-0.259952438012313	2.91680294784002	11.6087197096177	0.000656433250438191	0.0285159303288787
ENSG00000007038.10_2	-2.12841177375594	0.240749327765699	11.5918798819315	0.000662404174395911	0.0287110809339728
ENSG00000124641.15_3	0.20157308813595	2.87834611001248	11.5573768984171	0.000674809866688621	0.0291836480876607
ENSG00000173011.11_3	0.200514995510069	3.23550652919091	11.5359605688328	0.00068262798030884	0.0294561558258601
ENSG00000083099.10_2	-0.167120497621088	3.95231057665166	11.5162198770323	0.000689915417830624	0.0296909902710338
ENSG00000128311.13_3	0.451098501892908	1.89899291832096	11.5129550383195	0.000691128211067426	0.0296909902710338
ENSG00000160746.12_3	0.628797664950835	2.96746239443696	11.4979013425431	0.000696748142888006	0.0298663475465768
ENSG00000021300.13_4	0.561790695084449	-0.977201446202225	11.4909419324204	0.000699361851998694	0.0299123533967195
ENSG00000124839.12_2	-2.17079414700709	-2.57052111368045	11.4853222461153	0.000701479634782044	0.0299369924136214
ENSG00000158796.16_2	0.116673668103006	4.0314295627755	11.4737303704635	0.000705868528439604	0.0300566536623261
ENSG00000234174.1_4	0.330621800140212	0.438460095836825	11.4697570544247	0.000707379273029305	0.0300566536623261
ENSG00000088826.17_3	0.9569273073149	-1.27703685116151	11.4486869675895	0.000715445357878513	0.030333008644727
ENSG00000197753.9_3	-0.201963884158456	2.34876405237871	11.4403850292915	0.000718648981075851	0.0303891385685293
ENSG00000253338.1_2	-4.34252001285561	-1.25976477279889	11.4352563634017	0.000720635312746583	0.0303891385685293
ENSG00000110880.10_3	0.162737358596258	7.07103894792871	11.4284058718005	0.000723297162707243	0.0303891385685293
ENSG00000163191.5_2	0.435909430241911	3.87550848873899	11.4280322058181	0.000723442640973956	0.0303891385685293
ENSG00000275764.1_5	-0.35339794475459	1.3651904368995	11.4224564614677	0.000725616943922864	0.0303891385685293
ENSG00000272374.1_4	-0.615228882434054	-1.34532182002062	11.419925251847	0.000726606185669645	0.0303891385685293
ENSG00000271452.1_5	-0.306914510476913	0.578709665469097	11.4170686138143	0.000727724247315177	0.0303891385685293
ENSG00000104870.12_3	0.800108667050777	-0.132278759116583	11.3994765706407	0.000734648025777496	0.0306124364046082
ENSG00000151445.15_4	0.123679258442078	4.11354838030168	11.3834489079081	0.000741014034109603	0.0308115856838121
ENSG00000251593.1_2	0.280709736712838	5.43624870733952	11.3736138601233	0.000744947969861281	0.0309089736725777
ENSG00000281591.1_3	-1.08593591453936	-2.54998059870068	11.3607105780032	0.00075014119582506	0.0310580847346077
ENSG00000238222.3_3	0.399292063605928	-0.487238528801995	11.3399156542192	0.00075858769311421	0.0313409698401952
ENSG00000178974.9_3	0.145322988028962	3.87376825052952	11.303784466178	0.00077349270039355	0.0318737339367541
ENSG00000087206.16_4	0.120750119739314	4.4221593431458	11.2980213970561	0.000775897326791892	0.0318737339367541
ENSG00000257452.1_4	0.350357047980497	3.18324882846766	11.2929917913025	0.000778002089782037	0.0318737339367541
ENSG00000137200.12_2	0.158195491931908	5.98735255309869	11.2900334424571	0.000779242777904483	0.0318737339367541
ENSG00000077782.19_4	0.727879611822045	3.77903562517116	11.2889678418408	0.000779690164793398	0.0318737339367541
ENSG00000102781.13_3	-0.303181507697673	2.94034636054831	11.2695499801822	0.000787888266114266	0.0320760421081807
ENSG00000171914.16_3	0.813161348317849	0.250285167625	11.2694216432116	0.000787942737954588	0.0320760421081807
ENSG00000100221.10_3	0.142577202406562	5.36753161959689	11.2632134850953	0.000790582302435731	0.0321161655830482
ENSG00000272666.1_4	0.486616567376915	1.63921127405758	11.2462133970272	0.000797856173783002	0.032343989942627
ENSG00000102786.14_3	-0.168539264223031	4.854148168138	11.2322075265435	0.000803899691423343	0.0325210921001218
ENSG00000269834.5_3	-0.618416258281481	-0.406516976631369	11.2235278642589	0.000807668153663587	0.0326056137377121
ENSG00000258128.2_4	0.228722723350757	1.42440625618014	11.2187438235059	0.000809752874763386	0.0326219529505299
ENSG00000272335.1_4	-0.293284262783931	1.44559591025177	11.2125737550499	0.000812449611178295	0.0326628292957767
ENSG00000196782.12_3	-1.36120869339863	-2.73313784066537	11.2012105293775	0.000817439881771781	0.0327284854101464
ENSG00000167977.8_3	0.194510307804264	4.79736731984662	11.2011792227544	0.000817453673082757	0.0327284854101464
ENSG00000085415.15_3	-0.165220136337733	5.05883246865665	11.1903802958819	0.00082222491505453	0.0328517765442981
ENSG00000258441.1_3	-0.37205569956888	1.86336106449378	11.1821102159007	0.0008258978707122	0.0328670956678053
ENSG00000140009.18_4	-0.613099373680436	1.11123408573731	11.1786319914742	0.000827447589452314	0.0328670956678053
ENSG00000146453.12_4	-2.05678565624268	-2.03637165967211	11.1780971315682	0.000827686156223956	0.0328670956678053
ENSG00000011376.10_4	0.226224990892833	4.45475459267596	11.1704171499755	0.000831119380127422	0.0328683226763741
ENSG00000055163.19_4	0.189796338737762	7.18882587008462	11.1694806926595	0.000831538993068976	0.0328683226763741
ENSG00000140263.13_2	-0.261840355495917	4.00020298360779	11.1609119661029	0.000835388472378904	0.0328683226763741
ENSG00000119335.16_3	-0.15751526536667	7.81922839822676	11.158852090031	0.000836316548904815	0.0328683226763741
ENSG00000179978.11_4	-0.634564375622805	-0.807419995424644	11.1555982902552	0.000837784671025249	0.0328683226763741
ENSG00000113356.11_3	-0.290789440315654	3.2296165961471	11.1548014906153	0.000838144585772172	0.0328683226763741
ENSG00000234629.1_3	0.304721068772369	1.44253659924656	11.1494764720179	0.000840553914461236	0.0328683226763741
ENSG00000159086.14_2	-0.253283683378948	4.37797743788092	11.1463149696228	0.000841987661019598	0.0328683226763741
ENSG00000179362.14_3	0.452095888278893	-0.563997499144141	11.1441935541304	0.000842951112000942	0.0328683226763741
ENSG00000100596.6_3	0.261813483007877	5.0950330807047	11.137106756263	0.000846177701182032	0.0329280132295645
ENSG00000145936.8_2	-1.15841129378141	0.984723395702521	11.1289811840072	0.000849892605550174	0.0329998032805652
ENSG00000121454.5_2	-0.556434470093043	0.4372470199168	11.1256476108704	0.000851421435964732	0.0329998032805652
ENSG00000173273.15_2	0.230973666325147	4.74926467437155	11.1067249598009	0.000860152494659027	0.0332717951021693
ENSG00000060138.12_2	-0.197358859924982	6.25363584225904	11.1009902236734	0.000862816374939182	0.0333084858222048
ENSG00000251136.8_4	-0.449001973593209	2.06320438384981	11.0752559797957	0.000874873415705267	0.0336524424943241
ENSG00000112486.16_4	0.628603922519339	-1.02696125171365	11.0720149773701	0.000876403921492078	0.0336524424943241
ENSG00000048707.14_4	0.269026988824323	4.20586653870946	11.0709121649646	0.0008769253219759	0.0336524424943241
ENSG00000100055.20_3	0.340187109957082	3.65627946800931	11.0662013408312	0.00087915609312862	0.0336605949700361
ENSG00000224650.2_2	-1.87956853527507	3.84326467646518	11.0630883685764	0.000880633361932994	0.0336605949700361
ENSG00000251634.2_4	-0.466695920894688	1.75377569518493	11.0558969354969	0.00088405567608632	0.0336605949700361
ENSG00000251022.6_5	-0.334260594112565	3.79557184822062	11.0542568874876	0.00088483803549156	0.0336605949700361
ENSG00000166762.17_4	-0.530309069735077	0.172136954453351	11.0522316052256	0.000885805130790424	0.0336605949700361
ENSG00000149596.6_2	-1.18871124307503	-2.1857339869086	11.0437824277291	0.000889851250022386	0.0337483038533881
ENSG00000014919.12_2	0.116397486398596	4.98134829699621	11.0351193655949	0.000894019193920943	0.0338115709320325
ENSG00000119242.8_3	0.376581294003734	1.78071887095032	11.0330827011408	0.000895001929089746	0.0338115709320325
ENSG00000163486.8	0.290522253591698	2.97366777997631	11.0150751247952	0.000903738633112917	0.0340753335491002
ENSG00000206557.5_2	1.05496943098026	1.18328578990904	11.0092611848359	0.000906577744580381	0.0341161369074842
ENSG00000188738.14_3	-0.810060238461021	-2.1543112333506	10.9985830670885	0.000911815682058854	0.0342468799114484
ENSG00000100764.13_3	-0.191641916391553	2.35368938964566	10.9861406064979	0.000917957693663073	0.0344110086786671
ENSG00000279089.1_5	-0.459633925057456	-0.686320095346235	10.9656782308097	0.000928149700399656	0.034726032528633
ENSG00000182022.17_3	-1.09551769397827	-0.536580339696314	10.9359108478443	0.000943181048271303	0.0352205569141003
ENSG00000147434.8_3	0.557591588349688	0.371722309280048	10.9260086822238	0.000948235614435531	0.0353413419599024
ENSG00000182534.13_3	1.08178060141037	-0.126738149570521	10.9209128522293	0.000950847448878126	0.0353707964795315
ENSG00000122515.14_4	-0.219961891540617	5.71553609376974	10.9171834193571	0.000952763554166702	0.035374307255849
ENSG00000128422.15_3	-1.11518411916582	-0.145833971798686	10.8967063102527	0.00096335405403612	0.0356992538573919
ENSG00000272770.1_4	-0.191233116379907	2.7236819094402	10.8900987952093	0.000966796715988876	0.0357585878687086
ENSG00000186625.13_2	-0.157332534705786	3.27767709823318	10.8732493081538	0.000975632090222545	0.0360167755284057
ENSG00000162139.9_2	0.269664301380834	3.95145192532275	10.8687291848335	0.000978016169027964	0.0360362769832733
ENSG00000233347.1_3	0.239915221040069	2.47737494749501	10.8644926708674	0.000980256009904432	0.036040496682333
ENSG00000101337.15_3	0.150708409710706	5.10807965257316	10.8614973521228	0.000981842761610575	0.036040496682333
ENSG00000100461.17_4	0.154681316433361	5.10507100216121	10.8434396676373	0.000991463890867594	0.0362988830167966
ENSG00000258985.1_4	-0.443021827995308	0.657169363502998	10.8412806014748	0.000992620603662529	0.0362988830167966
ENSG00000205955.4_2	-0.384254618748197	0.551317407063694	10.8316661271247	0.000997788119786113	0.0364192663721931
ENSG00000113194.12_3	0.146377869825584	5.09061645506827	10.8274827418707	0.00100004506033048	0.03643316131613
ENSG00000130827.6_2	-0.412407698870017	3.11534402898371	10.8065799931601	0.001011399698433	0.036656331542271
ENSG00000109063.14_2	-0.465696541042199	0.0362969083117262	10.804922426876	0.00101230566973606	0.036656331542271
ENSG00000211594.2_3	-1.61334018589354	3.73797092455417	10.8026541294355	0.00101354677680134	0.036656331542271
ENSG00000147650.11_4	0.914269045768877	1.44652755786809	10.802334464147	0.0010137218064785	0.036656331542271
ENSG00000180376.16_3	-0.282533584889922	2.49582060496353	10.7975322766993	0.00101635488025871	0.036683232462572
ENSG00000188859.6_3	-0.501640491674354	0.556222170692707	10.7704709782	0.00103132263086151	0.0371544023118158
ENSG00000137992.14_2	0.186112755325117	3.95630936037663	10.7637585284589	0.00103506970621855	0.0372203399173183
ENSG00000204485.2	-3.46137703053289	-3.85686658581593	10.7499922599256	0.00104279755223181	0.0374289147305681
ENSG00000283906.1_3	-2.08077356384941	-0.677689222069806	10.7401387874637	0.00104836471653764	0.0375593100843689
ENSG00000254682.1_4	-0.509308589201474	0.48540190562189	10.7178981635046	0.0010610413224573	0.0379434629824602
ENSG00000259990.2_4	-3.318622258089	-1.83215856683907	10.7110780762229	0.00106495958025402	0.0379777240112546
ENSG00000162591.15_2	-1.27794965836527	-1.52903044082434	10.7094258914627	0.00106591098908918	0.0379777240112546
ENSG00000092036.18_4	0.195617076468872	3.50650078885365	10.6929014924449	0.00107547397604505	0.0382482667890893
ENSG00000135250.16_4	0.191541522341355	4.55856029064146	10.6803294083651	0.0010828077759948	0.0384386862783675
ENSG00000223960.6_4	-0.183221142089744	3.79351379602811	10.6696571893217	0.00108907299525032	0.0385905463900924
ENSG00000100227.17_3	0.143100787711599	5.41938806149345	10.6493696471069	0.00110108427117795	0.0389086346221287
ENSG00000152213.3_2	0.251504162257427	2.28848228920888	10.6477359416495	0.00110205732012415	0.0389086346221287
ENSG00000188603.19_4	0.390014255739884	-0.0265370880842284	10.6357248181505	0.00110923800675363	0.0390910773414555
ENSG00000242580.1_2	-2.015572334915	1.1131126752624	10.6136472364292	0.00112256048243786	0.0393351278418098
ENSG00000165671.20_4	0.222415546926374	5.53923420554159	10.6117546069103	0.00112371007516607	0.0393351278418098
ENSG00000164099.3_2	-1.1941010129967	-2.97926080981569	10.6114668624445	0.00112388495687863	0.0393351278418098
ENSG00000010292.12_3	0.201983092601244	7.21461046749616	10.6108401684625	0.00112426593635825	0.0393351278418098
ENSG00000135638.13_3	0.649117351225272	1.50026852804536	10.6018280033475	0.00112975907825368	0.0393783983795209
ENSG00000107281.9_3	-1.09582784812047	-0.968351088621839	10.5967532911897	0.00113286418475401	0.0393783983795209
ENSG00000160321.14_3	-1.35180412404718	-2.35001275000067	10.5955701417502	0.00113358936857368	0.0393783983795209
ENSG00000130429.13_4	0.237171989333266	2.59531842939885	10.5955292931418	0.00113361441415966	0.0393783983795209
ENSG00000105639.18_3	-0.233577565301502	5.3388622254069	10.5787450085559	0.00114395291478223	0.0394633536770993
ENSG00000054179.11_3	-0.933402503881671	1.85592144821629	10.5779820590703	0.00114442512366732	0.0394633536770993
ENSG00000143184.4_2	1.09176843887604	0.528037031448163	10.5746229708664	0.00114650649559559	0.0394633536770993
ENSG00000253209.1_2	1.33531402587271	0.555490462660016	10.5728894872757	0.00114758210150292	0.0394633536770993
ENSG00000004487.16_4	0.159275279182853	5.76091512222232	10.5691886544449	0.00114988184183659	0.0394633536770993
ENSG00000158158.11_2	0.283475256544193	3.63852115719	10.5619638262398	0.00115438487923616	0.0394633536770993
ENSG00000248492.1_4	0.307190303645021	1.00092917400385	10.5614259901882	0.00115472081037271	0.0394633536770993
ENSG00000277007.1_4	-0.730821179442401	-1.44336623310822	10.5588005596979	0.00115636206845653	0.0394633536770993
ENSG00000273272.1_4	0.494589615935752	1.32231976516244	10.5587806293523	0.00115637453670827	0.0394633536770993
ENSG00000185829.17_4	-0.313542833886189	2.49870059969023	10.556806559403	0.00115761017196453	0.0394633536770993
ENSG00000143119.12_2	0.218382815607726	7.68936545332501	10.5550196001776	0.00115872984036755	0.0394633536770993
ENSG00000227765.4_3	-0.396266197898714	1.42136992447227	10.5522812142177	0.00116044777781562	0.0394633536770993
ENSG00000172840.6_3	0.252795541581683	3.39233942618367	10.5406021666409	0.00116780365638499	0.0396440758735729
ENSG00000077616.10_3	-0.643686966887332	-0.643765658936766	10.5326954023302	0.00117281038139492	0.0397445584396625
ENSG00000083828.15_3	0.166551285790955	2.92260876056276	10.5287311147114	0.00117532881836076	0.0397605139284482
ENSG00000249959.5_4	1.64363963831628	-3.20165129272429	10.5221888799619	0.00117949694863489	0.0397818635971147
ENSG00000123219.12_3	-0.302419474305985	3.74180947064607	10.5213110821693	0.00118005734019663	0.0397818635971147
ENSG00000144567.10_5	0.140485602310191	5.17662559426881	10.5169234703258	0.0011828624600998	0.0398073193244677
ENSG00000134697.12_4	-0.214530286213949	5.29464299074691	10.5077661082522	0.00118873876671641	0.0399358639655698
ENSG00000196535.15_4	0.223396174820106	5.41354855380309	10.500994091614	0.00119310338195021	0.0399557078439657
ENSG00000254132.1_3	-0.38572237362791	3.18610136351805	10.4983782286282	0.00119479366352216	0.0399557078439657
ENSG00000156966.6_2	0.415911043261328	2.89148182035357	10.4972824570651	0.00119550243368751	0.0399557078439657
ENSG00000257127.6_4	-1.54939388519503	-1.47982316710759	10.4915091914737	0.00119924374603688	0.0400118815473268
ENSG00000175489.9_2	0.70219212529365	-0.199649572033189	10.486724254147	0.00120235355871817	0.0400468291649904
ENSG00000166337.9_3	0.148003844684194	4.81533866422837	10.4747053743779	0.00121020087389112	0.0402091032015252
ENSG00000105655.18_4	0.399892474413281	2.96671663482129	10.4699795668727	0.00121330060501978	0.0402091032015252
ENSG00000145216.15_4	-0.146699881597048	4.34226166670453	10.4654322799361	0.00121629082626075	0.0402091032015252
ENSG00000281398.3_4	-0.33438074180969	2.66048982304371	10.4652683833185	0.0012163987411132	0.0402091032015252
ENSG00000168016.14_4	0.442475438157612	4.55846931907251	10.4634765287551	0.0012175791885105	0.0402091032015252
ENSG00000196268.11_3	-0.344767699291829	2.14375891640032	10.4447528669724	0.0012299836236546	0.0404833689240355
ENSG00000099942.12_2	0.156258006379591	6.01073828825801	10.4446472547578	0.00123005395330008	0.0404833689240355
ENSG00000255201.1_4	0.769145856597141	-0.954879282715747	10.4410078300245	0.0012324800194568	0.0404945804023896
ENSG00000169375.15_4	0.139255586569355	5.3096768678321	10.4330992086776	0.00123776866989805	0.0404965892121954
ENSG00000198000.11_4	-0.221207615169165	4.78939892792208	10.4302590041725	0.0012396735703125	0.0404965892121954
ENSG00000124145.6_3	0.599957688947172	2.02276050722257	10.4289452071444	0.00124055572583836	0.0404965892121954
ENSG00000100577.18_2	0.217470336503925	3.52145192937399	10.4284576931781	0.00124088323108746	0.0404965892121954
ENSG00000253431.1_3	0.380882720796956	-0.644396791572292	10.4181799998912	0.00124780804904685	0.0406542562019994
ENSG00000230021.9_4	-0.2720220714171	10.0076926251046	10.4090470474405	0.0012539943856945	0.0407806152325404
ENSG00000280027.1_4	-0.951605854537928	-1.76429652855455	10.4062625119955	0.00125588669837569	0.0407806152325404
ENSG00000130717.12_2	0.160902943852309	3.27179272842652	10.3906853476599	0.00126652604796224	0.0410079468870584
ENSG00000164484.11_3	0.673807066503896	2.38748101148807	10.3888170062359	0.00126780825439775	0.0410079468870584
ENSG00000049449.9_4	-0.251972001700978	4.09665283756953	10.3867574662737	0.00126922319904841	0.0410079468870584
ENSG00000133874.1_2	0.281403729359749	2.29686539517771	10.3833675853691	0.00127155559531407	0.0410150607139678
ENSG00000251562.8_3	-0.491019601746689	7.6781217669064	10.3727754404523	0.00127887147701676	0.0411519646392908
ENSG00000272293.1_4	0.253257287714882	-0.205353720064932	10.3710915349892	0.0012800384510316	0.0411519646392908
ENSG00000227225.1_2	-0.584069115984487	-1.11821396618592	10.3521270867217	0.00129325578259054	0.0414486366700243
ENSG00000160991.15_2	0.255449513495335	5.36132507817043	10.3517277575089	0.00129353557637423	0.0414486366700243
ENSG00000197549.9_3	-1.66214239036519	0.864047452044861	10.3482384489433	0.00129598300150112	0.0414586456724033
ENSG00000105887.10_3	0.195199761378063	6.79064233660108	10.3387974032673	0.00130262853944422	0.0416026989784997
ENSG00000091140.13_2	-0.173686565881455	5.914077647378	10.3298024792251	0.00130899213782558	0.0416825091519329
ENSG00000238178.6_4	0.818452966222764	-2.55853510876444	10.3291983411626	0.00130942067064986	0.0416825091519329
ENSG00000275197.1_4	0.455310693904785	-0.862997985590139	10.3139280006521	0.00132029965554892	0.0419600306243025
ENSG00000235912.1_4	0.305333405168862	2.96516498801666	10.3074863283418	0.0013249162644469	0.0419915324054
ENSG00000171940.13_3	0.242097901725848	5.58463167734775	10.3043141573938	0.00132719569273896	0.0419915324054
ENSG00000096996.15_3	0.288902197898141	3.31611591667352	10.3025945430373	0.00132843301559213	0.0419915324054
ENSG00000067955.13_3	0.194112234369892	5.21436542491179	10.2956329187047	0.00133345409234219	0.0419915324054
ENSG00000237973.1_3	-0.26825922739068	12.508956705781	10.2926890548854	0.00133558313172814	0.0419915324054
ENSG00000204252.13_3	0.336368036941078	5.78535962571034	10.2880639115132	0.0013389350459035	0.0419915324054
ENSG00000181359.5_4	-0.447154234504617	1.52843780632475	10.2840342451513	0.00134186234953785	0.0419915324054
ENSG00000204130.13_3	-0.154473627125164	3.55992698829473	10.2749228337427	0.00134850513515378	0.0419915324054
ENSG00000119707.13_3	-0.209987292603396	6.16569721670887	10.2738532201948	0.00134928713014802	0.0419915324054
ENSG00000137674.3_2	-1.53270402750244	-2.59149668937745	10.2725911481312	0.00135021042206772	0.0419915324054
ENSG00000180822.11_2	-0.28033008845546	2.5819264239482	10.2700677429054	0.00135205838357038	0.0419915324054
ENSG00000053900.10_2	-0.198786048474577	3.9646860776623	10.2660921932784	0.00135497498763252	0.0419915324054
ENSG00000115902.10_2	0.262095234257909	5.76655606197928	10.2659242378247	0.00135509834582953	0.0419915324054
ENSG00000271130.1_3	1.09270715361341	1.8816098794014	10.2617706573687	0.00135815264475628	0.0419915324054
ENSG00000196652.11_2	0.134232798116312	3.20081091053844	10.2595424138408	0.00135979403525384	0.0419915324054
ENSG00000167107.12_3	0.260751094668104	2.67512372828358	10.2579924657438	0.00136093695726537	0.0419915324054
ENSG00000170144.20_3	-0.171104517982679	6.44862618884524	10.2569443209743	0.00136171040378374	0.0419915324054
ENSG00000165195.15_3	-0.205142962720213	3.19728322736844	10.2552908354981	0.00136293144784295	0.0419915324054
ENSG00000276085.1_2	0.739376767723146	2.31063022295135	10.2518404410191	0.00136548302047751	0.0419915324054
ENSG00000251322.7_3	-1.03907905088543	-3.23415402983746	10.2510380439978	0.00136607708717736	0.0419915324054
ENSG00000159792.9_2	0.220759687267213	3.21261274795101	10.2501923458364	0.00136670349573657	0.0419915324054
ENSG00000206149.10_3	-0.273557164678195	2.46879869529908	10.2465912477258	0.00136937408579767	0.0420071184802832
ENSG00000148498.15_5	0.715879913802624	4.04710070602731	10.2422107596249	0.00137262979778716	0.0420405763618787
ENSG00000123411.14_3	0.22972419785821	1.61446931750019	10.230713616786	0.00138121214854865	0.0422368149614453
ENSG00000079134.11_3	-0.228462013484888	4.10028895714379	10.2209693866401	0.00138852851294358	0.042271922460911
ENSG00000091844.7_2	0.63159415536283	-0.518358910752757	10.2193623937483	0.0013897388720392	0.042271922460911
ENSG00000164093.16_4	1.30220890932862	-2.26677046855654	10.2189736445629	0.00139003183158166	0.042271922460911
ENSG00000167565.12_3	0.20566813550364	2.8109406215854	10.2150327219051	0.00139300522411987	0.042271922460911
ENSG00000172296.12_3	1.06737751212722	-2.72564851319644	10.2147153656251	0.00139324494669807	0.042271922460911
ENSG00000101882.9_2	-0.176296201194543	3.64286863399159	10.2050921558392	0.00140053393538495	0.0424025776143036
ENSG00000166750.9_2	0.721705327336807	5.42600871097368	10.2032698363918	0.00140191857186028	0.0424025776143036
ENSG00000111906.17_2	-0.221971690203747	4.41417918602128	10.1968195041007	0.00140683081426516	0.0424849778404368
ENSG00000112078.13_2	0.14329307988266	6.12020440677362	10.1848056782624	0.00141602643292395	0.0426200749311037
ENSG00000130723.19_4	0.210665546381778	6.70218484065255	10.1802511006278	0.0014195284844332	0.0426200749311037
ENSG00000197961.11_2	-0.231613920904123	4.22232259016218	10.1780772260589	0.00142120308448958	0.0426200749311037
ENSG00000117394.21_3	0.236537824470552	5.53356539252708	10.1778906738256	0.00142134688436325	0.0426200749311037
ENSG00000120709.10_3	0.125795782646922	4.86385826982449	10.1766822374074	0.00142227873907484	0.0426200749311037
ENSG00000139083.10_2	-0.183652348872059	5.32491860908837	10.152650867954	0.00144093892313672	0.0431127149606607
ENSG00000128573.24_4	-1.97559039171198	-2.34740821850924	10.1493273299267	0.00144353906667182	0.0431240639948205
ENSG00000140403.12_3	-0.500848545454608	2.32485912251476	10.1453769528857	0.00144663579291485	0.0431501902101697
ENSG00000166435.15_4	-0.221739974517568	3.3989395187295	10.1376533856983	0.00145270979400086	0.0432649061041544
ENSG00000111752.10_3	0.162736642891345	3.41340176371237	10.1340427985072	0.00145555809892611	0.0432833494103326
ENSG00000129187.14_4	0.116190338607049	5.39068614395165	10.1246513260518	0.0014629933176931	0.0433342506381806
ENSG00000224934.3_4	-0.534835471666643	-0.709382918568738	10.1227697876453	0.00146448754785136	0.0433342506381806
ENSG00000279400.1_4	0.710105639471717	-1.62477694118306	10.1195615157177	0.00146703897299581	0.0433342506381806
ENSG00000139644.12_5	0.125664756345446	7.5697478636345	10.1184671848121	0.00146791028477209	0.0433342506381806
ENSG00000137942.16_2	0.898261628831799	-2.94815640145971	10.117118688188	0.00146898468533004	0.0433342506381806
ENSG00000106785.14_2	0.185917944610376	5.3052107251771	10.1150182705087	0.00147065975747044	0.0433342506381806
ENSG00000011295.15_5	-0.14065888032075	3.9367107636555	10.1114083913503	0.0014735431372332	0.0433534252102944
ENSG00000120451.10_2	0.185957389940321	4.76686950449554	10.106031747601	0.0014778483312704	0.0433668277244532
ENSG00000076351.12_4	0.177703961085289	3.91818025098505	10.103327264801	0.00148001868130701	0.0433668277244532
ENSG00000261618.1_4	-0.617718179225908	0.0298613385892611	10.1024807536089	0.00148069867037349	0.0433668277244532
ENSG00000271361.1_4	-0.845424452412379	-1.18249549151655	10.0974070167713	0.00148478095909914	0.0433695687717321
ENSG00000089022.13_2	-0.0941855065169435	4.13776466003329	10.0968135465477	0.00148525920451137	0.0433695687717321
ENSG00000211944.2_2	1.21781322106212	-0.665318887844004	10.0933810155716	0.0014880283566736	0.043385187131964
ENSG00000145416.13_3	-0.45024675595577	1.89189940494019	10.0798065108139	0.0014990307410199	0.043610803866977
ENSG00000257530.1_4	0.303931850427367	-0.433825949382426	10.0782114369765	0.00150032897498004	0.043610803866977
ENSG00000204569.9_3	0.151078925867789	5.16064151654155	10.0755419015819	0.00150250426341578	0.043610803866977
ENSG00000166206.14_4	-2.1694212248884	-3.66598817354943	10.0631618507132	0.00151263405732385	0.0438016689046649
ENSG00000206418.3_2	-0.309174888598521	3.19636730067486	10.0605236326252	0.00151480166482465	0.0438016689046649
ENSG00000128050.8_2	-0.174177604113674	7.56107580047758	10.057996478731	0.00151688096986311	0.0438016689046649
ENSG00000271900.1_4	-0.540611463048192	-0.295826532578879	10.0565129343377	0.00151810295462146	0.0438016689046649
ENSG00000168175.14_2	-0.131694803605494	6.16856763541929	10.0416414157378	0.00153040774275589	0.044044522652561
ENSG00000214820.3_3	0.297590840630929	2.26639365475199	10.0397559258896	0.00153197500728124	0.044044522652561
ENSG00000281021.1_4	-0.249037633216412	1.45985006643584	10.0381338555492	0.00153332461186174	0.044044522652561
ENSG00000023839.10_2	-0.608122709788692	-1.5266524088671	10.0278187502918	0.00154193526917389	0.0442264387840747
ENSG00000154447.14_3	0.288175991148007	3.68304273433198	10.0231515929752	0.00154584731094373	0.044273249386291
ENSG00000168899.4_2	0.340632865122573	3.29435512901602	10.0154639965833	0.00155231303350897	0.0443929521129267
ENSG00000090470.14_4	0.115437399854736	4.1532630157383	10.004894450306	0.00156124739057959	0.0445421827085439
ENSG00000111331.12_2	0.419271907820656	7.14213388058987	10.0034726280973	0.00156245321393595	0.0445421827085439
ENSG00000173702.7_5	1.3909426713139	1.67651827669461	9.99778174738697	0.00156728900477129	0.0445421827085439
ENSG00000197905.8_5	-0.905116742604762	1.02011463429238	9.99687067396758	0.0015680645903256	0.0445421827085439
ENSG00000197497.10_3	-0.618967677245098	0.0793872616814698	9.98988549050557	0.0015740239214449	0.0445421827085439
ENSG00000203965.12_3	-0.231768567744585	2.0044138363899	9.98611468966021	0.00157725046706333	0.0445421827085439
ENSG00000225450.1_5	0.239948646225361	1.15708187622924	9.98299491909228	0.00157992501198148	0.0445421827085439
ENSG00000184786.5_2	-0.365168599523484	0.52120819685262	9.98279219376013	0.00158009896504195	0.0445421827085439
ENSG00000083520.14_2	-0.166700184758167	5.66856609307174	9.97850828116958	0.00158377941306375	0.0445421827085439
ENSG00000111684.10_2	0.166655584814225	4.19392141394573	9.97743869362517	0.00158469968424718	0.0445421827085439
ENSG00000254704.3_4	0.682036180046145	-1.52204497773866	9.97686396918863	0.00158519439980341	0.0445421827085439
ENSG00000268061.5_4	0.156848017999774	2.67675695004083	9.97146144214975	0.001589852480853	0.0445421827085439
ENSG00000228343.1_4	-0.25860194667296	0.875099954062923	9.97016591811132	0.00159097154651485	0.0445421827085439
ENSG00000117318.8_2	0.478177231949926	4.11696887956023	9.96500279617356	0.00159543935135372	0.0445421827085439
ENSG00000101846.6_2	0.412525483324694	4.30464060226609	9.9625465750899	0.00159756925238016	0.0445421827085439
ENSG00000124193.14_2	-0.173869684769913	6.15081747267507	9.96193520997952	0.00159809984239837	0.0445421827085439
ENSG00000135870.11_4	-0.226121825805294	4.38726196004521	9.95984971592537	0.00159991113913443	0.0445421827085439
ENSG00000113231.13_4	-0.449092383070751	-0.269679567890201	9.95931104839298	0.00160037932138565	0.0445421827085439
ENSG00000164548.10_2	-0.175441724002421	5.55712978618491	9.95559488068176	0.00160361300762317	0.0445421827085439
ENSG00000198876.12_3	0.14526992104335	5.27006201697907	9.94999991043773	0.00160849405412732	0.0445421827085439
ENSG00000117362.12_3	0.158396936143657	5.96896493708715	9.94824465199309	0.00161002843902943	0.0445421827085439
ENSG00000234684.6_5	-0.26269197587661	0.838217733027348	9.94761591783447	0.00161057841680836	0.0445421827085439
ENSG00000137727.12_2	1.19484531609194	-1.94909395109071	9.94718501915963	0.00161095545023728	0.0445421827085439
ENSG00000005102.12_2	-1.7398076899395	-1.54929878695969	9.94532507597057	0.0016125839141058	0.0445421827085439
ENSG00000081059.19_3	-0.542918687862586	5.10645946019838	9.93755817288439	0.00161940222790497	0.0446669779282085
ENSG00000138796.16_2	0.182283594781063	5.18654505441579	9.92679876846347	0.0016288958411207	0.0448651055927399
ENSG00000115594.11_4	0.761123443803379	2.16374644275026	9.91737069051703	0.00163726109134884	0.0450316372121981
ENSG00000012232.8_2	0.217474001800632	3.54858366810889	9.91030299316373	0.00164356057694871	0.0451304864012127
ENSG00000214290.8_2	-0.793351576126605	-1.28365934462497	9.9081288195427	0.00164550336657012	0.0451304864012127
ENSG00000268034.1_4	0.212190790292289	4.72123668055104	9.90534221898952	0.00164799680850316	0.0451351227468468
ENSG00000100897.17_3	0.144067556197743	5.17653435609859	9.89197911351499	0.00166000737209039	0.0454000326073962
ENSG00000141384.12_3	0.263949236949778	3.76499003262729	9.88826074028805	0.00166336513547214	0.045427882138675
ENSG00000090686.15_2	-0.202081905812891	6.20300884296894	9.88334426760133	0.0016678153723484	0.0454854478936254
ENSG00000068831.18_3	0.656355437266758	0.961455924557326	9.8644376538125	0.0016850417304085	0.0458907998893019
ENSG00000257824.1_4	0.286030866804509	1.44768584590712	9.85977324520968	0.00168931925943877	0.0459018315411649
ENSG00000163938.16_3	-0.182724345280082	6.39991220238705	9.85884202599163	0.0016901745572115	0.0459018315411649
ENSG00000111605.16_3	-0.107719047908193	5.9614637184347	9.84029222898999	0.00170730372444768	0.0461652251934023
ENSG00000035862.12_3	-1.31743709415349	-2.49062684273794	9.83775641581826	0.00170965896002359	0.0461652251934023
ENSG00000231925.11_2	-0.269949168092894	6.9371387542256	9.83667692115569	0.00171066258161281	0.0461652251934023
ENSG00000106993.11_2	-0.18325484028941	2.74434026096859	9.83520557125348	0.00171203147799566	0.0461652251934023
ENSG00000101445.9_2	0.250287685782699	7.14717250256528	9.8339818676958	0.00171317081759754	0.0461652251934023
ENSG00000159593.14_4	-0.198673885697985	4.72951546188435	9.83294395458586	0.00171413777754882	0.0461652251934023
ENSG00000131473.16_3	0.166055069671553	7.06248387750531	9.82757412098852	0.00171914936076045	0.0462360696499259
ENSG00000167074.14_2	0.240281207349896	1.99527320583623	9.82021759807037	0.00172603920183174	0.0463404995097088
ENSG00000228325.3	-1.7949154911007	0.0885792087098987	9.81780123804037	0.00172830837217738	0.0463404995097088
ENSG00000139926.15_5	0.717680174635931	0.321111052576651	9.81579820378431	0.00173019168526825	0.0463404995097088
ENSG00000105642.15_3	-0.671253070297625	0.961130390088451	9.80983854938972	0.00173580743859241	0.0464268716840047
ENSG00000137267.5_2	-0.75228392746118	2.95856446536056	9.80668814557652	0.00173878350736111	0.0464425008884979
ENSG00000052749.13_5	-0.232274769265071	4.46556802139293	9.80059419519318	0.00174455491636055	0.0465326474806169
ENSG00000169282.17_3	-0.485839663567048	-0.817956799343636	9.78683823183371	0.0017576542716521	0.0468004689651518
ENSG00000156976.16_3	-0.185488152409812	7.34656788139199	9.78499599394081	0.00175941612650947	0.0468004689651518
ENSG00000130803.14_2	0.127040828783278	4.55269234458244	9.77464639180948	0.00176934746245557	0.0470002585854477
ENSG00000237499.6_4	-0.284362317478718	1.63909638594856	9.77075036688376	0.00177310073533039	0.0470356148615375
ENSG00000231880.2_5	0.253637739088645	0.718549888399035	9.76381055520955	0.00177980626652796	0.0471186690121864
ENSG00000163877.10_2	0.169109052269622	3.18112163828859	9.76249044444506	0.00178108471804227	0.0471186690121864
ENSG00000232054.1_3	-0.322476055735724	0.516879306885812	9.75545730084929	0.00178791161736664	0.0472349221578577
ENSG00000100058.12_2	0.285627479431456	2.79565927797711	9.74497550951878	0.00179813527909652	0.047410282540385
ENSG00000261167.1_4	-0.366287939654501	-0.0323087095836859	9.74364996382747	0.00179943239428694	0.047410282540385
ENSG00000159314.11_3	0.215037924811842	4.14344666277664	9.73255744573237	0.00181032423674649	0.0475842773469067
ENSG00000248527.1_3	-0.346374758696465	10.5532915093443	9.73193507486155	0.0018109373240995	0.0475842773469067
ENSG00000158169.12_4	0.217417246121229	3.06850172082371	9.71836288943507	0.00182435951713665	0.0477689100240283
ENSG00000254292.1_2	-2.73853048929437	-2.43273057811802	9.7174935693082	0.00182522265796144	0.0477689100240283
ENSG00000012963.14_3	0.187866469000452	5.36961243902561	9.71635393725319	0.0018263548162449	0.0477689100240283
ENSG00000205021.9	0.690763122313861	3.34332774827451	9.71489612378798	0.00182780410690354	0.0477689100240283
ENSG00000067798.15_4	-1.81629558978463	-3.37382139465543	9.71149158939295	0.00183119327868497	0.0477726767873483
ENSG00000143970.16_3	0.272452418416678	4.27600538737742	9.70981094256501	0.00183286868918398	0.0477726767873483
ENSG00000250899.3_4	-1.26431288587404	-2.36405736927414	9.69767580066298	0.00184501222053446	0.0479953054748059
ENSG00000144810.15_2	-1.93837367469554	-3.23787197241933	9.69634036773135	0.00184635354772273	0.0479953054748059
ENSG00000251023.1_5	-0.715130682323126	-2.01874141792511	9.69266645755943	0.00185004877557371	0.0480270683477142
ENSG00000133935.6_4	0.170333333312062	4.75156269048742	9.68527958754572	0.0018575012105513	0.0481561528791523
ENSG00000166847.9_3	0.154848962720233	5.55276091697523	9.67980301964155	0.00186304602352677	0.0482355035797903
ENSG00000136541.14_2	-0.558687799770149	1.34102647775034	9.67337376555622	0.0018695768069484	0.0483401364012305
ENSG00000116754.13_2	-0.191163201856341	6.71330179048306	9.65917413889753	0.00188408301337339	0.0486504307894741
ENSG00000133961.20_5	0.194840716369528	5.23071399950217	9.65542016035272	0.00188793707542446	0.0486584361131564
ENSG00000109320.11_4	0.143514926858576	6.52261755325214	9.65399267108205	0.00188940471878257	0.0486584361131564
ENSG00000136813.14_5	-0.143440101287442	6.36351375797935	9.64997173326799	0.00189354498199636	0.0487004721329871
ENSG00000112984.11_3	0.210886073246136	4.73636635896133	9.64295911402866	0.00190078772612593	0.0487521187597694
ENSG00000134873.9_2	1.31036716356184	-2.93624032391065	9.64267345061796	0.00190108335836078	0.0487521187597694
ENSG00000136869.14_3	1.06571402284421	-1.45319499297638	9.64074041476488	0.00190308507672805	0.0487521187597694
ENSG00000116128.10_3	0.253666530736434	3.4971323907848	9.6380453040266	0.00190587951368852	0.0487593786519152
ENSG00000230002.3_4	-0.441202554253874	-0.0558101028096073	9.62818378156578	0.0019161399770203	0.0489573764128686
ENSG00000064102.14_2	-0.174739386146736	5.28616429272424	9.60324635289271	0.00194233678862401	0.0495614924592656
ENSG00000132906.17_3	0.203724019841941	2.20826157598744	9.59559266995757	0.00195044959132411	0.0496757785372061
ENSG00000080608.9_2	-0.22832654779418	4.62821164546198	9.59342499641303	0.00195275353296708	0.0496757785372061
ENSG00000283683.1_4	-2.04290486603916	-3.36342387043646	9.59179256043143	0.00195449041108381	0.0496757785372061
ENSG00000170632.13_3	0.128781834517635	3.90342807432678	9.58810884686989	0.00195841556301275	0.0497104750360544
ENSG00000089248.6_3	0.214655998150422	6.07979714881958	9.58160743993108	0.00196536259515137	0.0498216852123359
ENSG00000127533.3_2	0.626818091441335	1.04241445916243	9.57864244539559	0.00196853910880681	0.0498371478680712
