logFC	logCPM	LR	PValue	FDR
ENSG00000253998.3_2	-3.68099227903575	3.18138540090405	80.3133174879605	3.1950840364793e-19	6.20421418203551e-15
ENSG00000253487.1_2	-3.89259027959843	-2.87164140584793	70.7729291726899	4.00799096100467e-17	3.89135842403944e-13
ENSG00000137573.13_3	-3.16973562623948	-2.36453550492481	57.9904403639632	2.63394673196698e-14	1.70486592137783e-10
ENSG00000242580.1_2	-2.31593368857809	1.11311324029155	57.1146700248213	4.11127479663187e-14	1.99581835002494e-10
ENSG00000249072.1_4	-1.38827823548326	1.4072417058678	53.8085350035119	2.2101053939071e-13	8.58316530777759e-10
ENSG00000078114.18_3	2.84639332983493	-2.22762304767466	53.2211199292148	2.98037139051214e-13	9.64547527682745e-10
ENSG00000187268.11_4	2.96211707887174	-1.53136276288179	49.642743930848	1.84451006330675e-12	5.11667091561291e-09
ENSG00000138755.5_2	-2.18355920663933	-0.855900980329201	47.4710987417772	5.58208923900088e-12	1.35491261053649e-08
ENSG00000253127.1_2	-2.91368110560654	-2.39416427424925	46.4684263749583	9.31066747259981e-12	1.91562703117806e-08
ENSG00000111110.11_2	-1.83987075378275	-0.693533895909808	46.3550655898665	9.86521284982004e-12	1.91562703117806e-08
ENSG00000044524.10_2	-3.01429297919442	-3.41414878481129	44.7676339095816	2.21859854964331e-11	3.91643151245217e-08
ENSG00000211623.2_2	-2.49873175104329	-0.427139016184409	43.3710075858945	4.52848283266575e-11	7.32783997039196e-08
ENSG00000144820.7_3	3.33363033374971	-1.99320934718891	39.4333548006276	3.39448921757501e-10	5.07032243283627e-07
ENSG00000067798.15_4	2.00578859881186	-3.3738193873762	38.395668374762	5.77604593566502e-10	8.01137571276739e-07
ENSG00000140955.10_3	1.76365342683427	-2.50746350280281	37.0642903574743	1.14297841409066e-09	1.47962365632082e-06
ENSG00000254292.1_2	-2.53644050889517	-2.4327336962836	36.674102044073	1.3962203635188e-09	1.69448793867551e-06
ENSG00000228549.3_5	-1.865274006409	-3.29510578794021	36.1095302980897	1.8653234319635e-09	2.08703861921917e-06
ENSG00000134198.9_2	2.34873548307292	-3.6352662457775	36.0384385070147	1.93463256493691e-09	2.08703861921917e-06
ENSG00000203989.4_2	3.12330931534238	-2.43831958864464	35.7095611264728	2.29037173855683e-09	2.28392673991646e-06
ENSG00000148680.15_3	-3.05281102053009	-4.17683111281747	35.6575196001203	2.3523810278262e-09	2.28392673991646e-06
ENSG00000141668.9_2	3.41995681505057	-2.4038854248316	34.0172077490599	5.46268212842132e-09	5.05116007474692e-06
ENSG00000034971.16_3	-4.03144915773437	-2.25187831417459	32.6286364409762	1.11558904267179e-08	9.84659455936403e-06
ENSG00000253435.1_2	-2.00652206552848	-0.172512847302938	31.2384703531723	2.28198756435136e-08	1.92659280541629e-05
ENSG00000146453.12_4	-1.73730951797483	-2.0363693872301	30.9700832208102	2.62036515077769e-08	2.12009377074172e-05
ENSG00000135549.10	-0.96773067035549	-2.61980085117568	30.6535871633912	3.08455804134198e-08	2.39583792187114e-05
ENSG00000108702.3_2	2.3437563967448	-2.28101297451317	28.4568498032402	9.58101895125585e-08	7.15554715367254e-05
ENSG00000147724.11_3	1.84843222210326	-3.02248909708252	27.6495856034872	1.45403213274996e-07	0.000104571836865699
ENSG00000039600.10_2	-1.19682199524084	-3.61631410651142	27.3635391905726	1.68579974529257e-07	0.00011691021233604
ENSG00000197134.11_3	-0.880587787677135	0.324559499839852	27.0120148174223	2.02194744026759e-07	0.000133701849860428
ENSG00000138311.15_3	1.02409364534358	-2.29225128939114	26.9147264397765	2.1263253434736e-07	0.000133701849860428
ENSG00000128849.10_2	1.11601919431345	-1.17915687931265	26.7713237636125	2.29010618522532e-07	0.000133701849860428
ENSG00000183166.10_2	2.51759533642956	-3.10379729723751	26.7685497357955	2.29339605976951e-07	0.000133701849860428
ENSG00000147459.17_2	-1.1644206577093	0.460549406684365	26.7475488854906	2.31845630357652e-07	0.000133701849860428
ENSG00000198930.12_2	2.03832840951703	-3.61481451627436	26.7288040568877	2.34105618253917e-07	0.000133701849860428
ENSG00000126266.3_2	-0.70847668045011	-0.560624117977316	26.0496471107292	3.32749663668395e-07	0.000184609513403226
ENSG00000130649.9_3	1.39041588700311	-0.960376162964035	25.8147600819733	3.75803598432889e-07	0.000202704285399162
ENSG00000140263.13_2	0.248592233739219	4.00020299424656	25.4415380427276	4.55993349907038e-07	0.00023931023968905
ENSG00000235385.1_3	1.02616436666652	-0.868720403319313	25.1374628360314	5.33855957277129e-07	0.000272800394168613
ENSG00000259096.1_3	0.257523731044589	0.711756292799899	24.5804544118471	7.12709833042274e-07	0.000354856398410638
ENSG00000211946.3_2	1.72389100042737	3.00832836861716	24.4197295691733	7.74712278508945e-07	0.000376084075602168
ENSG00000187772.7_4	-2.45943123699499	-3.55787149783379	24.2153539947661	8.61427943242101e-07	0.000407980678094515
ENSG00000100058.12_2	-0.289859217803783	2.79565929063265	23.7360434021721	1.10493721104315e-06	0.000510849303905618
ENSG00000187122.16_3	0.914367433125262	-0.920617327640003	23.5042307267101	1.24639387292506e-06	0.00055631418689163
ENSG00000146530.12_3	-1.52251415323528	-3.31677323239162	23.4566843676145	1.27758051638117e-06	0.00055631418689163
ENSG00000104154.6_2	-0.749415495206847	-0.0404577500449124	23.4305531772101	1.29505253847238e-06	0.00055631418689163
ENSG00000272168.6_4	1.20929996570587	-2.64830976417643	23.3675377973779	1.33817851902501e-06	0.00055631418689163
ENSG00000234338.1_4	-0.9472231594639	-2.81540939722895	23.3555816131784	1.34652213327359e-06	0.00055631418689163
ENSG00000231419.6_2	1.74547471033673	-3.54568440026682	23.2691206832301	1.40843217603337e-06	0.000560662108809809
ENSG00000099954.18_3	-1.07779068615487	-3.1971780897238	23.2577204473783	1.41680554381268e-06	0.000560662108809809
ENSG00000223648.4_3	1.45817033876443	1.82412650005416	23.2216011574986	1.44366595120458e-06	0.000560662108809809
ENSG00000124171.8_2	-0.333065042398354	-0.0338938564113779	22.9691651703621	1.64620783123289e-06	0.00062212142696171
ENSG00000189339.11_2	-0.241134003655778	4.45139984950711	22.928893225393	1.68105922545696e-06	0.00062212142696171
ENSG00000082068.8_2	0.130589974278964	3.85682909287441	22.9095799377252	1.69803458795811e-06	0.00062212142696171
ENSG00000200434.1	1.53627328000882	3.62328259259797	22.4796188996004	2.12385137144406e-06	0.000763721220938902
ENSG00000283683.1_4	-1.50966935043914	-3.36340790694513	22.3648482254011	2.25463117109011e-06	0.000793481622880807
ENSG00000204019.4_2	-4.22542258160318	-4.56630061849101	22.3172773807808	2.3111782377809e-06	0.000793481622880807
ENSG00000168952.15_2	-1.03200277445922	-0.0598455293696216	22.3023594761037	2.32920241550139e-06	0.000793481622880807
ENSG00000138175.8_2	0.189637702789862	3.71141243482082	22.0973024261664	2.59173692300853e-06	0.000867695647775511
ENSG00000231292.6_2	-1.44031720798522	-0.597371683793199	21.9883562426347	2.74309574621261e-06	0.000902803952541635
ENSG00000156011.16_3	1.01290275476081	-1.93281386470052	21.6183205366126	3.32659108411553e-06	0.00106154095734997
ENSG00000271630.1	-2.79496510109059	-3.69559917496965	21.6136272937285	3.33474087951119e-06	0.00106154095734997
ENSG00000076067.12_2	-0.335711750432628	2.28546699849502	21.4962735873683	3.54516902539117e-06	0.00111032406669428
ENSG00000178568.14_4	2.75357253211268	-2.78285741219136	21.4240207379902	3.6813018705363e-06	0.00113465904320752
ENSG00000279778.1_4	-2.35537187522902	-4.29519380280182	21.3699740597658	3.78655093449215e-06	0.00113637373551816
ENSG00000188659.9_3	-1.00670774295007	-1.71458932983162	21.3436389921579	3.8389240230603e-06	0.00113637373551816
ENSG00000200795.1	2.24352294933651	-2.71955993233939	21.3319363281495	3.86243004141509e-06	0.00113637373551816
ENSG00000133835.15_4	0.13653113572261	5.33824532079164	21.2274591459052	4.0787893003036e-06	0.00117274637224383
ENSG00000215908.10_3	-0.337279351534528	2.81265322488354	21.1939913751912	4.15063722055583e-06	0.00117274637224383
ENSG00000211658.2_2	-2.07588829297504	1.74076166086067	21.1863394887355	4.16724171824205e-06	0.00117274637224383
ENSG00000064199.6_2	0.311450108930745	1.25120071441548	21.056486181949	4.45940732424875e-06	0.0012370395917466
ENSG00000182168.14_2	2.56393180211436	-4.06143817490571	20.8859000092534	4.87469657369322e-06	0.00133319518405598
ENSG00000251623.2_4	-1.64765713927131	-3.86508546844318	20.8510907995729	4.964094718123e-06	0.00133878876717378
ENSG00000091140.13_2	0.155953174932474	5.91407764731069	20.7481842189596	5.23812229912976e-06	0.00139334053156852
ENSG00000006459.10_2	-0.656431982167134	0.627079058862381	20.7132616745275	5.33452640208103e-06	0.00139980856318391
ENSG00000256148.1_4	-0.684977812772895	0.260993285694032	20.5494605677319	5.81101641975792e-06	0.00150451089118479
ENSG00000140199.11_4	-0.258584678554314	4.98458120483933	20.5173613478353	5.90928294642466e-06	0.0015098217928115
ENSG00000145908.12_2	0.97459182330428	-0.284851198049494	20.2934983086931	6.64259249493849e-06	0.00167514105281449
ENSG00000140577.15_3	-0.179661853973323	4.48642937084721	20.2357296143223	6.84622407788248e-06	0.00170435870697849
ENSG00000134215.15_2	-1.27669372062656	-2.25800795037296	20.147400753438	7.16976117398072e-06	0.00176048276213856
ENSG00000113946.3_3	1.35407733489687	-1.15056629787114	20.1253245796931	7.25299314919585e-06	0.00176048276213856
ENSG00000133874.1_2	-0.25628702995038	2.296865376663	20.0428609358648	7.57256991976601e-06	0.00181536003335823
ENSG00000162775.14_3	-0.17186457342168	3.9712228831029	19.8920136783544	8.1941919828181e-06	0.00194042463319953
ENSG00000149599.15_3	-0.919658616201262	-0.853589439293089	19.6223413457861	9.4359363139788e-06	0.00220185547933173
ENSG00000144218.18_3	-1.36765182854737	-0.391302019545391	19.6043978908428	9.52496962940908e-06	0.00220185547933173
ENSG00000251705.1	1.38707241209262	4.62216078737797	19.4932934009573	1.00953508456533e-05	0.00230625320848113
ENSG00000211950.2_2	-1.49227968516353	3.33944534083153	19.338406678565	1.09481923911399e-05	0.00247199999826923
ENSG00000132423.11_3	0.222345902092751	2.64167837198057	19.299098721406	1.1175909111652e-05	0.00249441153023057
ENSG00000121570.12_4	1.11901229464416	-3.18172230422198	19.1297608724304	1.22125640220992e-05	0.00269481327478549
ENSG00000113749.7_4	-1.43673611108403	-3.19631402947728	19.0936660000696	1.2445725328665e-05	0.00271540555541592
ENSG00000211920.1_2	1.79465366034981	-3.84343431995962	19.0546568020721	1.27027415307624e-05	0.00272915703235847
ENSG00000128708.12_2	0.204500814735075	5.16117863044442	19.0069615627258	1.30242409715089e-05	0.00272915703235847
ENSG00000253338.1_2	2.99490048821417	-1.25976987479044	18.9862605385996	1.31663116039333e-05	0.00272915703235847
ENSG00000263264.1_5	-0.5799491719931	-0.057553799620947	18.9688677844911	1.32868801476189e-05	0.00272915703235847
ENSG00000211625.2_2	-1.30441573943804	3.5486441869677	18.9661686532006	1.3305689966275e-05	0.00272915703235847
ENSG00000251661.3_5	-0.5647060707084	-0.721091222850428	18.9595338964542	1.33520402757263e-05	0.00272915703235847
ENSG00000144791.9_3	-0.21798299560634	5.74199629412349	18.8237494675708	1.43370720826409e-05	0.00289997151771585
ENSG00000270450.1_2	-1.79219668282925	-4.01928705738021	18.6675108684465	1.55611516755227e-05	0.00311511797149793
ENSG00000116824.4_2	-1.88804645560005	-2.47809197333774	18.6026277884534	1.60998472162219e-05	0.00312357434503763
ENSG00000081479.12_2	1.23467880961387	-3.18188256309718	18.5859948433006	1.62409342716967e-05	0.00312357434503763
ENSG00000086061.15_2	0.190143512736028	6.76238355326174	18.5737699284645	1.63454219273839e-05	0.00312357434503763
ENSG00000087250.8_2	1.62684892949159	-2.95610934971242	18.559618525628	1.64672190009451e-05	0.00312357434503763
ENSG00000185156.5_2	-0.449920909953662	0.180616077736698	18.5370081545651	1.66637147049162e-05	0.00312357434503763
ENSG00000237054.9_5	0.152292738083877	4.46097956707162	18.5339574809807	1.66904063258929e-05	0.00312357434503763
ENSG00000079785.14_3	0.178648632923905	5.82385697925457	18.5295081385607	1.67294124978841e-05	0.00312357434503763
ENSG00000196187.11_3	-0.232298178264499	3.67327803712945	18.4483093856188	1.74575637062111e-05	0.00322730270138413
ENSG00000125445.10_2	0.183516545253624	4.93800965977572	18.4309445024297	1.7617369777872e-05	0.00322730270138413
ENSG00000134697.12_4	0.180057093010297	5.29464299211772	18.3525536090204	1.83572776859339e-05	0.00333141699163985
ENSG00000145864.12_3	1.71127291790439	-0.905749392267156	18.2953458689075	1.89168764368733e-05	0.00340118432084449
ENSG00000113389.15_4	-1.22784834965589	-2.79506929433743	18.2758258139692	1.91117146217699e-05	0.00340469059197732
ENSG00000218336.8_4	-1.24779458188921	-2.54645757513983	18.2220993622003	1.96584559025895e-05	0.00347025360651349
ENSG00000225137.1_2	0.134749381389825	4.63615152607052	18.2045477378649	1.98404517091108e-05	0.00347082784943706
ENSG00000112273.6_3	1.09663755657632	-3.67077536565173	18.1363790753585	2.05635034377341e-05	0.003546569320885
ENSG00000215007.3_3	0.221557357343306	2.6896781476706	18.1188642143752	2.07535171202515e-05	0.003546569320885
ENSG00000080824.18_3	0.24541035502575	9.11194736772647	18.1117004267363	2.08317423596038e-05	0.003546569320885
ENSG00000048544.5_2	0.149230809110548	4.15917460898799	18.0960209990697	2.10039896952196e-05	0.003546569320885
ENSG00000100288.19_3	-0.383358689086912	-1.00440125234363	18.002526367402	2.20611995040174e-05	0.00366860875087973
ENSG00000163636.10_3	0.141153608059791	5.31030394991668	17.9987846286206	2.21046052040853e-05	0.00366860875087973
ENSG00000242498.7_3	-0.855525395360198	-2.98886766553227	17.9642138884026	2.25097207421802e-05	0.00370418438450555
ENSG00000117133.10_2	0.156944492645639	4.01831399221783	17.8661710170836	2.36996728479801e-05	0.00386722896942922
ENSG00000214425.7_4	-0.377189313743776	1.96433663419532	17.8304395945553	2.41488918346499e-05	0.00390769318037692
ENSG00000187189.10_3	0.157745579158597	3.88294158072865	17.7169990374348	2.56325725975901e-05	0.00411349830330583
ENSG00000230568.1_2	0.180678776018845	2.74013277913632	17.6726797678129	2.62368046615918e-05	0.00417595305671139
ENSG00000211904.2_2	1.88022494288693	1.43368490697758	17.5815692659062	2.75243083744041e-05	0.00434526032531853
ENSG00000226666.1_3	0.144613782944988	4.74792906033498	17.4808123294263	2.90222028277555e-05	0.00454478334281739
ENSG00000259352.1_4	0.216901121246644	2.83408340561373	17.4520856432354	2.94640847930904e-05	0.00457706878809783
ENSG00000256377.5_4	1.01717751232885	-2.01391177433046	17.420013166629	2.99654263774719e-05	0.00458500804350567
ENSG00000249780.1_5	-0.530894256642333	0.329154800315391	17.4095808580818	3.01303400683565e-05	0.00458500804350567
ENSG00000063587.13_3	-0.203596347956212	4.35013053558481	17.4037093859948	3.02235569867507e-05	0.00458500804350567
ENSG00000156298.12_3	-1.45212317060162	-2.78496957484348	17.3813792354956	3.0580730860542e-05	0.00460322970426361
ENSG00000166046.10_3	-0.451235446063723	-0.0763043517067776	17.3161278707018	3.16489324814408e-05	0.00472737669942013
ENSG00000134086.7_2	-0.162784046823387	4.93878068137346	17.2913137051336	3.20649272798428e-05	0.00475295235053426
ENSG00000174236.3_2	0.884979961887707	-2.28584149624576	17.2218400309534	3.32590790820424e-05	0.00489261210314469
ENSG00000113643.8_2	0.156459186521622	5.56833426598998	17.0930680292417	3.55919773909833e-05	0.00519642869908356
ENSG00000183347.14_2	-1.15403647655229	-2.83438140491355	17.0264438681084	3.68628415112228e-05	0.0053273733922557
ENSG00000106443.16_3	0.161704981983493	4.16751844855051	17.0077559415856	3.72274391888958e-05	0.0053273733922557
ENSG00000176165.10_3	-1.68823449857995	-1.6553718133103	17.0034522369869	3.73119158176319e-05	0.0053273733922557
ENSG00000206344.7_3	-0.422537425670732	0.433435722457315	16.8026578762917	4.14751714611137e-05	0.00585680347442127
ENSG00000261289.2_4	-1.57417744546602	-0.924931223756355	16.795898071671	4.16231784668933e-05	0.00585680347442127
ENSG00000113013.12_3	0.12965798928472	7.6809474407039	16.7421038838575	4.28200962572152e-05	0.00596825221656139
ENSG00000243290.3_2	-1.37338116927833	4.73387679752064	16.7328287939738	4.30299366731174e-05	0.00596825221656139
ENSG00000105948.13_2	0.224155602630414	1.73931570396478	16.7118404300344	4.35086038264119e-05	0.00599184446171111
ENSG00000118600.11_2	0.141624261717829	3.25242948168453	16.6866740041106	4.40896205590199e-05	0.00602910036630316
ENSG00000225889.7_4	-0.3496212490228	2.61659504300544	16.662751447377	4.46491507745832e-05	0.00606291755063536
ENSG00000113532.12_2	-0.156356954818353	4.5717924356726	16.6384315047862	4.52252944586129e-05	0.00609850533192601
ENSG00000242766.1_2	-1.34427032040394	1.51990481820395	16.5964050045759	4.62385850928672e-05	0.00619214376091927
ENSG00000111249.13_2	1.75712410042504	-2.67478533699661	16.5800609032557	4.66387909109777e-05	0.00620295919116003
ENSG00000122376.11_4	0.134269636142817	4.58516545933446	16.5468107973646	4.74637438004701e-05	0.00626973453821448
ENSG00000173692.12_2	0.190488616545617	6.08532051917974	16.5218973162914	4.80914619379641e-05	0.00630972978318505
ENSG00000173889.15_3	-0.21436645395752	4.98766715753148	16.4683160728696	4.94699185054971e-05	0.00644702602375666
ENSG00000198734.10_2	1.18785969480371	-0.793960190692434	16.4337234218963	5.0380901104991e-05	0.00647912858036839
ENSG00000253481.2_2	1.51131037750604	-2.21433743344148	16.4332957042454	5.0392269805295e-05	0.00647912858036839
ENSG00000259990.2_4	-1.93570154255649	-1.83215658245086	16.4211100587433	5.07172491613964e-05	0.00647912858036839
ENSG00000165349.11_2	-2.03942586451864	-4.27761738334428	16.3959574587002	5.13947244715649e-05	0.00652276313587482
ENSG00000182534.13_3	-0.924136578274178	-0.126737978946182	16.3747670885367	5.19725366317459e-05	0.00655326439165741
ENSG00000141298.17_3	-0.214282276873028	5.29675497147136	16.3281323298545	5.32672708633933e-05	0.0066731862298411
ENSG00000229618.2_4	-1.96720671683838	-4.49870394000288	16.274009380864	5.48106261595369e-05	0.00682251755619159
ENSG00000271620.1_2	-1.25471698777398	-0.607513600004973	16.2271422126438	5.61833651748195e-05	0.00694884449022066
ENSG00000083828.15_3	-0.134397706202918	2.92260875288	16.1393315655438	5.88491119955684e-05	0.00723248137170853
ENSG00000001497.16_2	0.139488245441114	5.13824986122181	16.1111846719006	5.97302338235475e-05	0.00729460176343173
ENSG00000240445.3_2	-0.4186832166214	-0.739931621193967	16.0797960806647	6.07284934788782e-05	0.00735892125434507
ENSG00000107949.16_4	0.169853940128234	5.24623450928673	16.0706926457829	6.10211390991711e-05	0.00735892125434507
ENSG00000120688.8_2	0.1621712108288	3.72757979058049	16.059162805416	6.13938223917964e-05	0.00735892125434507
ENSG00000240382.3_3	-1.34452926966777	4.39985866190085	16.0455937829646	6.18353523976483e-05	0.00736637345311371
ENSG00000162441.11_2	-0.225609654885356	3.00995397932611	16.010995287129	6.29756805487048e-05	0.0074564741761875
ENSG00000061337.15_3	1.31903669027086	-2.74053955036598	15.9786084131628	6.40622762128381e-05	0.00752879472167652
ENSG00000141384.12_3	-0.221587081992762	3.76499003731684	15.9616557751237	6.46385441509804e-05	0.00752879472167652
ENSG00000105698.15_2	-0.161665411188013	5.60382071919105	15.9584047286688	6.47496507632083e-05	0.00752879472167652
ENSG00000250116.2_4	-0.487396887297814	-0.79214674088663	15.9100319223573	6.64256987960775e-05	0.00767770368584662
ENSG00000259468.1_4	-0.454368379179624	-0.340710139499408	15.870395062297	6.78315407884376e-05	0.0077938038995851
ENSG00000256849.1_4	0.173684816119749	3.4430280487298	15.7582396040196	7.19737751024165e-05	0.0082210986172866
ENSG00000110448.10_2	-0.980133717075779	-2.92585140830265	15.7164536751452	7.35813157639564e-05	0.00835556719008483
ENSG00000089902.9_2	-0.177012140553376	3.52204744839548	15.6831184613638	7.4889614565676e-05	0.00845468916067614
ENSG00000260240.4_2	0.274751799899548	-0.840429323554404	15.6592866826557	7.58392565107303e-05	0.0085124085718229
ENSG00000160818.16_3	0.219988808731482	4.81382707596975	15.6407441751898	7.65865053435579e-05	0.0085205642749104
ENSG00000269553.1_5	-0.403215481469293	0.633126393136614	15.6357381226193	7.67895122108003e-05	0.0085205642749104
ENSG00000171262.11_3	0.136348440219255	5.06262756387567	15.6221520520891	7.73431908201835e-05	0.00853323908719502
ENSG00000237111.1_2	-0.601950648207799	0.570989469287777	15.556335917482	8.00828147039664e-05	0.00878558246283401
ENSG00000009844.15_3	0.103329431888145	4.97557324898178	15.5171231854449	8.17612606014491e-05	0.00891932673235358
ENSG00000251332.1_4	0.251399330515159	0.531291020521063	15.4855537532696	8.31382306817621e-05	0.00901887242110869
ENSG00000111906.17_2	0.174762618783704	4.41417918103236	15.4644908409566	8.40698891587873e-05	0.00906927282047407
ENSG00000138663.8_2	0.130080606639478	4.47768644736418	15.4152957807001	8.62870218549976e-05	0.00925702425624499
ENSG00000147421.17_4	-0.174947232104872	3.34196813961694	15.3902602361402	8.7437822434957e-05	0.00928507434818201
ENSG00000175215.10_3	-0.205513933060241	5.69714367192276	15.3888129287498	8.75048205642862e-05	0.00928507434818201
ENSG00000101916.11_2	1.58967510689982	-3.89980610585196	15.3781223653872	8.80013060667188e-05	0.00928700739784536
ENSG00000111845.4_2	0.188068221311896	3.83737227967379	15.332110944887	9.01707022787288e-05	0.00946451187485598
ENSG00000178665.14_3	-0.397824016068894	-1.32143341478079	15.3127326524578	9.11004009032061e-05	0.00951068593945406
ENSG00000162989.4_2	1.39262651340077	-2.48930772257972	15.229839994681	9.51874154588088e-05	0.00988422049935374
ENSG00000204186.7_2	-0.355243263528824	3.54725439578548	15.2144962992898	9.5963932839356e-05	0.00991184919082242
ENSG00000121964.14_3	0.164473333143661	3.29696635425955	15.2020901236881	9.65964461041585e-05	0.00992439042566429
ENSG00000146833.15_3	-0.138760675514276	4.2093633418191	15.1772673170914	9.78746290568481e-05	0.0100027870896099
ENSG00000070444.14_2	-0.179151974364952	2.89324038454588	15.1310722217954	0.000100298808470252	0.0101743805643032
ENSG00000253329.1_2	2.47576225414402	-2.99570769560253	15.1253821051815	0.000100601558777743	0.0101743805643032
ENSG00000125430.8_3	-0.970320389013235	-0.858315776507064	15.0978691551098	0.00010207844739607	0.0102702553965641
ENSG00000270187.1	1.56940969247877	-1.96315931422811	15.0432574623144	0.000105074953594134	0.0103937369587767
ENSG00000164306.10_3	0.157830905636119	2.77914345645482	15.0420626473681	0.000105141492594472	0.0103937369587767
ENSG00000161057.11_3	0.138540012115849	5.45855794663522	15.0370067123493	0.000105423526305068	0.0103937369587767
ENSG00000205100.2_3	0.27374968523013	2.54862049464965	15.0265479544556	0.000106009363040932	0.0103937369587767
ENSG00000179981.10_4	-0.188513432337805	3.04974067035602	15.0254389274672	0.000106071675884669	0.0103937369587767
ENSG00000163864.16_4	-0.800726593996763	-1.2008408592648	15.0107317100338	0.000106901524026445	0.0103937369587767
ENSG00000130935.9_3	0.153744760265878	5.01687420949577	15.0080665867749	0.000107052600255193	0.0103937369587767
ENSG00000164483.16_4	-1.1169290312282	-3.49842727978625	14.9758278963986	0.000108897207229382	0.0105202287063689
ENSG00000095002.14_4	0.18148775094523	5.10182919051796	14.9531948869928	0.000110211285991507	0.0105944690662529
ENSG00000144120.12_3	0.172375640726185	2.24012231354068	14.9120723524234	0.000112639854294665	0.0107745846832207
ENSG00000224411.3_3	0.235246721664826	7.07295833762913	14.8857102140852	0.000114224981785614	0.0108214682619916
ENSG00000224559.2_3	-1.39407616145931	-2.78518326812902	14.8853868088855	0.000114244566572679	0.0108214682619916
ENSG00000239862.1_2	1.30240813699223	0.967481776960546	14.8492232096163	0.000116456021629941	0.0109773933398553
ENSG00000178607.15_2	-0.243368732371411	3.54203603854316	14.830893792743	0.0001175932950637	0.0110310463939465
ENSG00000151725.11_4	0.251154003436937	4.52610035450031	14.7823529846389	0.00012065937787964	0.0112642490368598
ENSG00000241244.1_2	-1.17815639163967	2.24717389428059	14.6696458235441	0.000128092565775751	0.011900963838438
ENSG00000185989.10_3	-0.228184492223737	4.11620330683294	14.6493049512728	0.00012948238381161	0.0119689619131548
ENSG00000152377.13_2	1.2242215992051	-3.07440820865962	14.6397937377777	0.000130137449686676	0.0119689619131548
ENSG00000166226.12_2	0.157949174223257	6.91525435246414	14.632044944811	0.000130673597980678	0.0119689619131548
ENSG00000126581.12_3	0.0974004206112207	5.12025732701616	14.6166333701996	0.00013174656232836	0.012010585668038
ENSG00000198315.10_2	-0.199727505116455	3.99800215832604	14.6043646876338	0.000132607054059785	0.01201771561949
ENSG00000157483.8_3	-0.17776339932109	6.38420937521507	14.5979025489592	0.000133062563507588	0.01201771561949
ENSG00000136045.11_2	0.114431544679765	4.96249732762031	14.5857059721118	0.000133926584439105	0.0120397519288822
ENSG00000162852.13_3	-0.144663379493298	3.79622551641153	14.5653169532254	0.000135383601234398	0.0121146487040071
ENSG00000095627.9_2	2.22460592434073	-1.41521914033217	14.5481019670706	0.000136626218500652	0.0121228782066052
ENSG00000111231.8_2	0.133525588067562	4.16860411748031	14.5411194781132	0.000137133498146768	0.0121228782066052
ENSG00000064393.15_3	-0.355910799143053	6.34189372585425	14.534753576331	0.000137597634964731	0.0121228782066052
ENSG00000241478.1_3	0.219775139236799	4.17137312199647	14.5296235757096	0.000137972813042525	0.0121228782066052
ENSG00000167395.10_3	-0.191598053839407	3.99797836980003	14.4969609271624	0.000140385842835112	0.0122793346674424
ENSG00000107020.9_3	0.16849017228542	3.56610949636593	14.4629344880318	0.000142944831804955	0.0124004155514388
ENSG00000116459.10_2	0.126604961677618	6.53872260600615	14.461584374144	0.000143047331523446	0.0124004155514388
ENSG00000139364.10_5	-1.23912661357631	-1.76471936327692	14.4155851807103	0.000146584128715382	0.0126505360506457
ENSG00000087263.16_2	0.122869627525551	4.94225030449466	14.3773198453225	0.000149593290535707	0.0128531084762051
ENSG00000115233.11_3	0.131836203093251	5.72856093473484	14.2892067929903	0.000156761154009247	0.0134096391566148
ENSG00000006744.18_4	0.140626849275481	5.55930010472397	14.2774324578227	0.000157744823402607	0.013434600793122
ENSG00000259187.1_4	-0.446495001577171	-0.303078171799529	14.2540151922106	0.000159719698520818	0.0135433934754465
ENSG00000006625.17_3	0.161141326869649	3.50925627311464	14.2274250775392	0.000161992360827039	0.0136763811414758
ENSG00000119812.18_3	0.145789582810461	5.26356000533841	14.1973343211878	0.00016460353272746	0.0137652811163244
ENSG00000254815.5_4	-0.405416256613868	-0.726497448753605	14.1811890749012	0.000166021992993974	0.0137652811163244
ENSG00000251669.5_2	0.221257147780119	0.404633200419209	14.1797657968563	0.000166147625739094	0.0137652811163244
ENSG00000146731.10_2	0.163192309560302	7.16860183925702	14.1763044999294	0.000166453554104563	0.0137652811163244
ENSG00000165953.9_2	1.568985723773	-3.92353746091553	14.1693685137172	0.000167068303069262	0.0137652811163244
ENSG00000127311.9_2	-0.231593755270213	3.06754330550513	14.1656763412427	0.00016739647902352	0.0137652811163244
ENSG00000010818.9_2	-0.275764701492374	4.25215537858567	14.1588202297664	0.00016800760246003	0.0137652811163244
ENSG00000170854.17_4	0.15219941613867	4.07987302875131	14.1398132232782	0.000169713578219908	0.0138466313524125
ENSG00000112624.12_4	-0.171746772104087	4.00170887186671	14.1270913623044	0.000170865166559271	0.0138822585951796
ENSG00000136449.13_4	0.608223188217235	-1.5558573445667	14.0736313926799	0.000175791048970488	0.0142229607871206
ENSG00000247796.2_4	0.229822619744727	0.854472598920267	14.0329293502116	0.000179637099887739	0.0144738307287142
ENSG00000103591.12_3	0.162883450377058	4.50844522316862	13.9959499830243	0.000183204829460447	0.0147002949523263
ENSG00000254612.2_4	0.132093938445116	4.0102364738646	13.9736659556157	0.000185389146293284	0.0148143475009176
ENSG00000215414.4_3	0.161357378352169	5.29337835746762	13.9299428767789	0.000189751489173592	0.0151007967900525
ENSG00000011260.13_2	0.114975339048751	4.77633649506266	13.9179822073008	0.000190962742082193	0.0151351613296001
ENSG00000075234.16_3	-0.220373267659555	3.6773430021965	13.8937397123051	0.000193441717275873	0.0152072105259104
ENSG00000102241.11_2	0.141214995503418	5.0327220852173	13.8933871499992	0.000193478007542108	0.0152072105259104
ENSG00000240452.1_3	0.433550077400923	0.00628440509654355	13.8861811283947	0.000194221248863208	0.0152072105259104
ENSG00000035141.7_2	0.155889571054728	4.8016660119167	13.8640214862787	0.000196524903318193	0.0153015352825074
ENSG00000214114.8_3	0.154814680550885	3.51110569237414	13.835735550384	0.000199505470584936	0.0153015352825074
ENSG00000263847.1_4	-0.504715355978586	-1.82170994082906	13.8338326613438	0.00019970761053715	0.0153015352825074
ENSG00000223886.3_4	-0.30841143009085	1.41206363068224	13.8326466239605	0.000199833705192538	0.0153015352825074
ENSG00000150594.6_3	-1.43073423040299	-3.58653006940252	13.8313973687117	0.000199966607648975	0.0153015352825074
ENSG00000197043.13_2	0.131588303665865	8.92071304413902	13.8296375386487	0.00020015397887305	0.0153015352825074
ENSG00000101811.13_3	0.135252417417014	4.01584638652001	13.7892215327534	0.000204506136758521	0.0155712622399578
ENSG00000206588.1	1.11483564682836	0.546159398616543	13.7820712227801	0.00020528597865018	0.0155712622399578
ENSG00000255571.8_4	0.943902069152754	-2.10156693009008	13.7605257688787	0.000207653976116226	0.0156372708582068
ENSG00000183454.16_1	1.01787762724367	-1.49014494828039	13.7595053432171	0.000207766808189172	0.0156372708582068
ENSG00000260233.3_3	-0.356235531391211	-1.29291428642329	13.7407962471284	0.000209846522460038	0.0157048062744482
ENSG00000108384.14_3	0.19512650526142	3.92392498135814	13.7338535337194	0.000210623603431679	0.0157048062744482
ENSG00000159593.14_4	0.14976912122168	4.72951546032077	13.7250417185775	0.000211614065042528	0.0157048062744482
ENSG00000221990.4_4	0.253750764709004	0.575941188171717	13.7225124038309	0.000211899229781925	0.0157048062744482
ENSG00000260135.6_4	1.7995722049013	-3.73135031542133	13.708934520637	0.000213436684152544	0.0157586065888749
ENSG00000257576.1_3	0.169873659952305	5.72503398353808	13.7012703715567	0.000214309470596509	0.0157631109850114
ENSG00000181744.8_2	-0.158344782789281	3.3817289295051	13.6823877456268	0.000216475182542786	0.0157694490422487
ENSG00000211653.2_2	1.3498821863141	5.0883885233494	13.6796978912828	0.000216785480248831	0.0157694490422487
ENSG00000213599.10_3	-0.367224043617211	-0.242900835258286	13.6792953566905	0.000216831954592666	0.0157694490422487
ENSG00000123545.5_2	0.188534505799927	3.21549089773084	13.6629453409183	0.000218728143186099	0.0157920837213512
ENSG00000204084.12_3	-0.120234720128472	5.21213178968076	13.6625884008051	0.000218769725051163	0.0157920837213512
ENSG00000168883.19_3	0.104046720826302	4.85305606125066	13.6313056856926	0.000222445128357629	0.0159941709103815
ENSG00000104880.17_3	-0.23288593385515	1.23442881790166	13.6248054030151	0.000223216619462014	0.0159941709103815
ENSG00000176593.7_4	-0.335864244948324	0.723001023190196	13.6123150616444	0.000224706621342867	0.0160417396074845
ENSG00000166398.12_3	-0.198006596926735	3.01162193408655	13.6041229814147	0.000225689311838883	0.0160528756677195
ENSG00000201321.1	2.08028159357967	-4.27304963454928	13.5828408907774	0.000228262516227661	0.0161297947089692
ENSG00000181359.5_4	0.32119283293972	1.52843790321626	13.58144723612	0.000228432049900429	0.0161297947089692
ENSG00000169499.14_3	-0.160282895808526	6.35068755885865	13.5739887932128	0.00022934150472363	0.0161353381837806
ENSG00000073849.14_3	-0.175857064722699	7.57972642270045	13.5206020041091	0.000235958712275434	0.0164729687900675
ENSG00000213430.6_3	0.165024898165095	6.7633144894731	13.5204213067692	0.000235981433067106	0.0164729687900675
ENSG00000093072.15_5	-0.354290505254065	4.46777556971703	13.5148308740472	0.000236685461552623	0.0164729687900675
ENSG00000211938.2_3	1.16235378442853	4.96350803290493	13.4978301737257	0.000238839469518271	0.0165366757941763
ENSG00000120438.11_3	0.137952533181581	7.16801077468537	13.4846093563161	0.000240528208531953	0.0165366757941763
ENSG00000134343.12_4	1.29970089550445	-1.36794666125847	13.4796642979645	0.00024116294497816	0.0165366757941763
ENSG00000100979.14_3	0.275949017136164	3.2070830485377	13.4773539302703	0.000241460076825147	0.0165366757941763
ENSG00000075131.9_5	0.158212677596969	3.36139711076709	13.4729752768459	0.000242024219409851	0.0165366757941763
ENSG00000164638.10_4	-0.445996005513232	-0.719940006411521	13.4676624376023	0.000242710505785366	0.0165366757941763
ENSG00000091592.15_4	-0.263156380642481	4.41232171841902	13.429212259955	0.000247736120987969	0.0167544200486998
ENSG00000134308.13_2	0.101554658945955	6.94805452513623	13.4253308528622	0.000248249230992194	0.0167544200486998
ENSG00000105499.13_3	-0.442796128026254	2.1052994292693	13.42347574399	0.000248494848801398	0.0167544200486998
ENSG00000145220.13_4	0.185785631542793	4.39908297996908	13.4063972738699	0.000250767589070854	0.0168491524033836
ENSG00000265781.1_4	1.16026524179715	-3.11701482245412	13.3660231740018	0.000256224088080956	0.0171564115253655
ENSG00000213250.5_2	-0.543719098051962	-0.307616673061637	13.3537498126058	0.000257906415439343	0.0171724035949236
ENSG00000114054.13_3	0.113960390876557	5.29273342028753	13.3513865083411	0.000258231633006371	0.0171724035949236
ENSG00000256211.1_4	0.160902798142048	2.24145336906666	13.3396774435898	0.00025984904107164	0.0171807874931257
ENSG00000173218.14_2	-0.408796918553117	2.43570449030914	13.3376705682907	0.000260127279996856	0.0171807874931257
ENSG00000141644.17_2	-0.125370362808618	5.61670524972213	13.3311504905345	0.000261033316506181	0.0171821862370068
ENSG00000105993.14_5	0.124477092873135	4.93984565832549	13.2908764521079	0.000266700775667371	0.0174959312902332
ENSG00000142168.14_2	0.16244584212156	6.06768493975841	13.2713326685919	0.000269495560751457	0.0175913398945581
ENSG00000277879.1_4	0.252819101605219	-0.335366888623242	13.268056037803	0.000269967004252669	0.0175913398945581
ENSG00000110955.8_3	0.122055084320596	8.63394539194765	13.2286450607616	0.000275703039356645	0.0179050221345395
ENSG00000124228.14_5	0.102912623472176	5.4396347547786	13.2219908781061	0.00027668356882183	0.0179088051312743
ENSG00000144744.16_2	0.106195255757942	5.04528032539146	13.2054901538661	0.000279130232804789	0.0179745085782651
ENSG00000279407.1_5	-0.338661114815421	0.00284742330272994	13.202673937637	0.000279549984068187	0.0179745085782651
ENSG00000102057.9_3	-0.299339334535253	-0.182139559671487	13.1728445622861	0.000284035246818673	0.0182026284578382
ENSG00000227695.5_4	-0.451880210081673	0.721087841299754	13.1615770034977	0.000285748297388001	0.0182521724956586
ENSG00000090470.14_4	-0.0861632093231446	4.15326302367633	13.1333348012931	0.000290087982394608	0.0184686178430771
ENSG00000004478.7_2	0.175692758814826	6.22131797055612	13.1189568292098	0.000292322757555041	0.0185500761640646
ENSG00000148082.9_3	1.18426761533152	-2.96873976228961	13.1014090266228	0.000295073753870348	0.018644775203297
ENSG00000130517.13_3	-0.173405144170812	4.75383363127092	13.092272427663	0.000296516430405493	0.018644775203297
ENSG00000164332.7_2	0.173793105424702	4.1537005582748	13.0891958756359	0.00029700381923914	0.018644775203297
ENSG00000067955.13_3	-0.144530701062644	5.21436542679019	13.0850883201147	0.000297655799414053	0.018644775203297
ENSG00000251463.2_3	0.214644339083048	1.12259590119898	13.0759562556196	0.000299110479889526	0.0186756504774753
ENSG00000075275.16_3	-0.70811740855672	0.705040391503899	13.032697315626	0.000306099359620399	0.0190507607856055
ENSG00000144381.16_3	0.155161521850767	8.20681891908658	13.0123899505627	0.000309436761424519	0.0191238544194239
ENSG00000175065.11_3	-1.68139426112228	-4.16946201892559	13.0075127329213	0.000310243753839957	0.0191238544194239
ENSG00000109854.13_2	0.134927924395802	4.1487023530447	13.002928923799	0.000311004132667228	0.0191238544194239
ENSG00000135218.17_3	2.03953792043535	-2.22655512609575	13.0016705543956	0.000311213204065194	0.0191238544194239
ENSG00000130826.17_3	0.12839928157109	5.97886550492967	12.9784131446124	0.000315102914352476	0.0191749918531021
ENSG00000134001.12_3	0.115742378531647	5.81995501705417	12.9737904005381	0.000315881870860173	0.0191749918531021
ENSG00000117395.12_4	0.174928195290014	5.47866033626426	12.9727664017485	0.000316054682517311	0.0191749918531021
ENSG00000100744.14_3	0.146362153646313	3.65200561178637	12.9704544047801	0.000316445209455516	0.0191749918531021
ENSG00000143442.21_4	-0.107910098569225	5.43571957196948	12.9654333677292	0.000317295005741289	0.0191749918531021
ENSG00000184831.13_4	0.155541541053248	2.64815783505088	12.9601416439876	0.000318193105614083	0.0191749918531021
ENSG00000115484.14_2	0.119782563015962	7.10192239278951	12.955647878155	0.000318957790120093	0.0191749918531021
ENSG00000146858.7_2	-0.31210384982502	2.07256307773576	12.9403291938746	0.00032157845589037	0.0192276757915102
ENSG00000135766.8_2	-0.146563262579941	4.74913992746846	12.938955419379	0.000321814534567969	0.0192276757915102
ENSG00000126814.6_4	0.110323683309735	3.42475694672991	12.9327521778117	0.00032288271951314	0.0192289207044936
ENSG00000228262.8_4	1.05723515193576	-0.710090571340092	12.9273498785741	0.00032381589609483	0.0192289207044936
ENSG00000138399.17_3	0.139408223742812	4.66665583943655	12.9103041249585	0.000326778193329003	0.0193019633980946
ENSG00000140937.13_3	1.37849241949045	-2.66909250429798	12.9088395439335	0.000327033986917969	0.0193019633980946
ENSG00000184178.15_3	0.131531958050883	3.99949927887835	12.898838754083	0.000328786060570077	0.0193286861865498
ENSG00000178971.14_4	-0.143113355048683	4.24691982454861	12.8910058828787	0.000330164936555911	0.0193286861865498
ENSG00000169084.13_3_PAR_Y	0.143564011660225	2.9903431377965	12.8881450473236	0.000330670002339797	0.0193286861865498
ENSG00000165733.7_2	0.10928241624451	5.66909152224484	12.8836319319483	0.000331468354110674	0.0193286861865498
ENSG00000231066.3_3	0.226517142211871	1.11058654329284	12.8690463464756	0.000334061800893498	0.019368857274161
ENSG00000100462.15_4	0.123156363711754	5.52624966068773	12.8685400693199	0.000334152188013386	0.019368857274161
ENSG00000275202.1_4	-0.233120391128809	-0.356726983736396	12.8563143326232	0.000336342388414365	0.0194377871971135
ENSG00000037474.14_2	0.107179641543845	5.81083248053397	12.8257516861469	0.000341881130140151	0.0196462993303271
ENSG00000186301.8_2	-0.434135073268936	-1.0299278802094	12.8252440512895	0.000341973899147728	0.0196462993303271
ENSG00000188342.11_3	0.133140286526696	3.79708138868021	12.8001550329635	0.000346590628366156	0.0198527929841121
ENSG00000140395.8_3	0.13171260019117	4.58961290110044	12.7930072947169	0.00034791738022948	0.0198701755567531
ENSG00000254098.1_2	-1.38260347055487	0.469230378152286	12.7557931587942	0.0003549082199177	0.0202099935905041
ENSG00000143614.9_3	-0.13479495032639	4.88611652878369	12.7419046730988	0.000357553387141104	0.0203010867587894
ENSG00000107937.18_2	0.118570642847943	5.86170313358697	12.7270909095103	0.000360396700142229	0.0204024509270155
ENSG00000196110.7_2	-0.362917563074094	0.267273199342252	12.7216845022577	0.00036144006174134	0.0204024509270155
ENSG00000174173.6_3	0.166135544433316	3.91298163812567	12.6736095261713	0.000370852904396267	0.0208731063697586
ENSG00000227621.1_3	0.190236997087286	1.34779992574156	12.65443505799	0.000374675796289954	0.0209911413985363
ENSG00000213684.4_3	0.163208417307888	4.6991509156036	12.6522594258288	0.000375112064336806	0.0209911413985363
ENSG00000273045.5_3	-0.313173844195433	-1.21193593857336	12.6395199433837	0.000377676949738488	0.0209997905810703
ENSG00000125266.7_4	-0.607048409366873	-1.56918035549312	12.6393558726044	0.000377710097816897	0.0209997905810703
ENSG00000115514.11_3	0.144407732434884	3.57892628707675	12.6353960835528	0.000378511005426645	0.0209997905810703
ENSG00000264618.1	1.62859766698748	-4.18359384466192	12.6207958370072	0.000381478884882857	0.0211041509591319
ENSG00000138119.16_3	1.12368321968731	-2.33306340056628	12.6060668701409	0.000384496716923801	0.021210674003484
ENSG00000135537.16_5	0.141541389308023	1.35118791076122	12.5954716481754	0.000386682464046269	0.0212708217757803
ENSG00000181019.12_2	0.244492245894783	3.43920638005291	12.5839751058305	0.000389068331010335	0.0213120530714785
ENSG00000187325.4_2	0.150707828730761	3.62590135059515	12.5812929455014	0.000389627090347867	0.0213120530714785
ENSG00000225380.4_2	-1.32952849746888	-2.66191853463692	12.5731194652838	0.000391334822364375	0.0213453359007625
ENSG00000285448.1_1	-0.632313048280645	-0.822086253705123	12.5479948428633	0.00039663167867031	0.021501856359206
ENSG00000215349.2_3	0.141316392001086	3.27813624293797	12.5443448653092	0.000397407172918151	0.021501856359206
ENSG00000065135.10_3	0.0946809826197595	5.90804975730055	12.5437846338971	0.000397526338086052	0.021501856359206
ENSG00000204560.9_3	0.103673900686709	4.8084648776408	12.5023719799416	0.000406435663554734	0.0219226880969606
ENSG00000228302.2_4	0.147941121216444	3.31761006713581	12.4883286674868	0.000409502394043186	0.0220269182480071
ENSG00000171772.16_4	1.89938490983406	-1.58437058677781	12.4690604459589	0.000413748149796433	0.0221938164993015
ENSG00000164347.17_3	0.088952176839834	4.50403151876884	12.4579626701491	0.000416213674240269	0.0222645650864946
ENSG00000139182.13_2	-0.194090928676137	3.91453940194427	12.4426239416511	0.000419645806776211	0.0223864897691771
ENSG00000236319.2_4	0.263912632632303	-1.01435985137771	12.4264037338319	0.000423306245215832	0.0224723946529463
ENSG00000214262.4_2	-0.347335526574173	1.91729684451409	12.425237229238	0.000423570730403663	0.0224723946529463
ENSG00000100916.13_3	0.19379964555864	2.49437713856085	12.3790647832658	0.000434174565251814	0.0229078319856495
ENSG00000198496.11_3	-0.195265847089992	0.956534186693698	12.3752396741965	0.000435064952934805	0.0229078319856495
ENSG00000164815.10_2	0.144771893789289	3.48883974700517	12.3701334016964	0.000436256434816744	0.0229078319856495
ENSG00000170364.12_2	0.179286852228242	2.1031986212498	12.3691043321284	0.000436496953068819	0.0229078319856495
ENSG00000211664.3_3	1.38924678864822	2.56151004203512	12.3397580093329	0.000443412496928279	0.0231115785157658
ENSG00000258092.1_5	0.179975610167668	3.49682176700263	12.3345022861771	0.000444662646131163	0.0231115785157658
ENSG00000137168.7_2	0.14866708661373	4.49623317239066	12.3281169770617	0.000446186269920978	0.0231115785157658
ENSG00000142794.18_3	-0.279387985656675	1.08454434608536	12.327588291012	0.000446312657680375	0.0231115785157658
ENSG00000174842.16_2	0.172459571452808	2.83814483444199	12.3275144660195	0.000446330309167379	0.0231115785157658
ENSG00000183171.5_4	0.156129734580606	2.36504304726362	12.3073745133014	0.000451172158692136	0.0232718915987374
ENSG00000163002.12_5	0.140908743406918	2.89183620883988	12.3017972172626	0.000452522344556938	0.0232718915987374
ENSG00000178127.12_3	-0.346344803851767	-0.528490233035042	12.2997388249962	0.000453021682167203	0.0232718915987374
ENSG00000225783.7_4	-0.493531151731048	2.45971160241638	12.2906703234065	0.000455228204916646	0.0233235390054655
ENSG00000146278.10_2	-0.184615479568739	5.03546079328202	12.278630995906	0.00045817434686377	0.0234127091247386
ENSG00000238105.7_3	-0.240962085562573	2.25375566420877	12.2714204989013	0.000459948031341211	0.0234416558335528
ENSG00000172172.7_3	0.154518083647343	4.42804359022987	12.2565026823157	0.000463639640430898	0.0235679438164586
ENSG00000014641.17_2	0.14272258594867	6.91390287168265	12.2473531742527	0.0004659185846511	0.0236219505920498
ENSG00000167548.14_4	-0.282669520579499	5.35768303310014	12.2302036242571	0.000470220663553955	0.0237779813669028
ENSG00000179855.6_3	-0.77937458377839	-2.50527372543352	12.2214607675085	0.000472429272834218	0.0238276145971295
ENSG00000276805.2_4	-0.227553740361834	1.51076437804579	12.1943548219544	0.000479343512784653	0.0240936288308639
ENSG00000253780.1_2	3.47343436666147	-3.99783494561679	12.1910824943373	0.000480185104415713	0.0240936288308639
ENSG00000113558.18_5	0.117914427774623	5.14522082127133	12.1849568023459	0.000481764547609814	0.024110577282184
ENSG00000123219.12_3	0.20544280979918	3.74180947516003	12.0971072285384	0.000505001100026753	0.0251773751849885
ENSG00000112357.12_2	0.14843799161764	1.77294111588435	12.0946246902679	0.000505673927394455	0.0251773751849885
ENSG00000198522.13_4	0.0946016400847616	4.30994222604771	12.0836380333462	0.00050866245455697	0.0252331051501113
ENSG00000164938.13_2	-0.329058890975933	4.36434547838024	12.0809652815298	0.000509392173181771	0.0252331051501113
ENSG00000101746.15_3	0.991117478511536	-0.247745594960879	12.0610832927487	0.000514853652964446	0.025381366678911
ENSG00000079246.15_3	0.124657773949188	8.07149062318023	12.0605556129061	0.000514999406297813	0.025381366678911
ENSG00000175741.5_3	0.146234657109245	2.4777981075032	12.0399200159017	0.00052073205971939	0.0255989243940028
ENSG00000155393.12_3	0.148320577682725	3.74760449084013	12.0264162535289	0.000524518286117643	0.0256164566725147
ENSG00000224470.7_3	-0.180968772788151	4.1921650421967	12.02429720213	0.000525114949741817	0.0256164566725147
ENSG00000128016.5_3	-0.225547221002993	5.3418483621905	12.0208480230161	0.000526087604467091	0.0256164566725147
ENSG00000136143.15_4	0.113560356662758	4.30046227889184	12.0198635759633	0.00052636554806537	0.0256164566725147
ENSG00000140025.15_3	0.153272360612215	1.38792580061157	12.0117414458613	0.000528664371459037	0.0256493213945337
ENSG00000273218.1_4	-0.451892735096463	-1.45454421356953	12.0037333175404	0.000530940851258349	0.0256493213945337
ENSG00000175792.11_3	0.131167729591392	5.6880661146169	12.0035132004643	0.000531003563734811	0.0256493213945337
ENSG00000137872.16_4	1.43861114620289	-3.71974345452812	11.9793741636163	0.000537926470576398	0.0258937445637901
ENSG00000168803.15_3	0.13773092604253	2.45762043926071	11.9765902903856	0.000538730703665219	0.0258937445637901
ENSG00000186591.11_3	-0.108920891536631	5.63643652364705	11.9666197994295	0.000541621050421658	0.0259140001698806
ENSG00000099942.12_2	-0.110021507667864	6.01073829053604	11.963749202539	0.000542456106840087	0.0259140001698806
ENSG00000124444.15_3	0.123782668662156	1.97786126873213	11.9613475861533	0.000543155735355928	0.0259140001698806
ENSG00000102174.8_3	0.864148613110154	-1.34132833604709	11.9566957950277	0.000544513467176791	0.0259151041804876
ENSG00000143621.16_2	0.127876528255047	6.80756521164815	11.9412652430947	0.000549041809268436	0.0260068076310795
ENSG00000109971.13_5	0.186926629494607	9.80720375748024	11.9410036088451	0.000549118916919487	0.0260068076310795
ENSG00000272004.1_4	-0.179445221433081	0.705627253430319	11.9033682533936	0.000560325313292887	0.0264154535485986
ENSG00000184374.2_2	1.78149854980691	-3.57009829211875	11.9011455801234	0.000560994317437474	0.0264154535485986
ENSG00000272211.1_4	-0.61360420942977	-1.7974101570779	11.8983784674151	0.000561828319887281	0.0264154535485986
ENSG00000116903.7_2	-0.14235522192642	3.12777973777478	11.8931542530462	0.000563406302250872	0.0264256608142692
ENSG00000092758.16_4	-0.59996903369706	0.494117214363874	11.8768892820334	0.000568347874015457	0.0265932024521256
ENSG00000121895.7_4	-0.222561260987401	3.38946611954082	11.8640897143679	0.00057226734894504	0.0267122292832086
ENSG00000171747.8_2	-0.680978793456045	-3.22457597856853	11.8437518289991	0.000578551417116351	0.0269225422540869
ENSG00000108839.11_3	-0.244770451499935	-0.0332752176410686	11.8405536573256	0.000579545919363907	0.0269225422540869
ENSG00000246089.3_4	-0.210071488620162	0.687926578036358	11.8335061842075	0.000581743495853477	0.0269253629208072
ENSG00000268059.1	0.120931739323216	4.7867812251131	11.8314703773702	0.000582379875720415	0.0269253629208072
ENSG00000083099.10_2	0.108171423175376	3.95231057868366	11.8231830518169	0.000584977702411556	0.0269812280889017
ENSG00000065883.15_3	-0.0949468941900659	4.96555591716677	11.8073111080153	0.000589985789026495	0.0271477347187594
ENSG00000233098.8_5	-0.200862684206385	2.97493972738852	11.7994462017416	0.000592483428054105	0.0271982108887816
ENSG00000122958.14_2	0.104607451309615	4.63578606348142	11.7910106148323	0.000595174165177384	0.0272572923099397
ENSG00000161904.11_3	-0.106821142605603	3.82739362701522	11.7655687235551	0.000603364444754752	0.0275092608479367
ENSG00000018699.11_2	0.131742635925574	4.01137864992755	11.7651216535854	0.000603509378989651	0.0275092608479367
ENSG00000170855.3_2	0.162321179466435	4.44541071107711	11.7557391131434	0.000606559200109889	0.0275835282148333
ENSG00000111716.12_3	0.128364298716611	8.84063731432262	11.747732013875	0.000609174236068042	0.0276377227008627
ENSG00000163877.10_2	-0.121768125867911	3.18112166131913	11.7366606478703	0.000612808795127817	0.0277378116172307
ENSG00000105141.5_3	0.920079434237922	-3.19220771174062	11.7292144569191	0.000615265574384997	0.0277842486590881
ENSG00000249193.1_2	0.165199490986383	2.40283021840922	11.7248272872853	0.00061671772118024	0.0277852081435682
ENSG00000266714.8_5	-0.613826141168802	-1.17583631091919	11.7009226274744	0.000624691156624688	0.0280792890725421
ENSG00000185551.14_3	-0.964614530029221	1.85495140549334	11.689455472592	0.000628552912322577	0.0281876222897917
ENSG00000230832.3_4	0.17610192189445	2.11899270340592	11.6751566871039	0.000633402060963829	0.028320148349705
ENSG00000124782.19_5	-0.178298784879501	4.21366561465861	11.6684498737767	0.000635689542874793	0.028320148349705
ENSG00000165501.16_3	0.152766288052509	3.70797428296061	11.6623074788312	0.000637791838526814	0.028320148349705
ENSG00000167085.11_3	0.150553275574937	6.05037082593244	11.6590687299076	0.000638903158360032	0.028320148349705
ENSG00000091483.6_2	0.133300742268888	5.73614647224111	11.6545402275648	0.000640460314227041	0.028320148349705
ENSG00000244731.7_4	-0.49306962853943	-1.12819713496976	11.6500056436867	0.000642023402026875	0.028320148349705
ENSG00000141385.9_3	0.10059822621586	5.78693618257334	11.6467216665528	0.000643157806052341	0.028320148349705
ENSG00000102572.14_4	-0.111942824147077	5.90113940442158	11.6455999368792	0.000643545755559352	0.028320148349705
ENSG00000271980.1_4	0.181879677698081	4.89004493452215	11.6424566128132	0.000644634131762778	0.028320148349705
ENSG00000108094.14_3	0.113035272560776	4.61863266697533	11.6348026054173	0.000647292113716991	0.0283428289077039
ENSG00000165416.14_3	0.138519105816785	4.85993218016376	11.6325696515198	0.000648069627923604	0.0283428289077039
ENSG00000111879.18_5	-0.925393146576071	-2.26749102407696	11.6213721592795	0.000651982841645801	0.0284498939754565
ENSG00000176749.8_3	-0.293490827817014	4.53885579302306	11.6130732634463	0.000654898467109308	0.0285055896875942
ENSG00000213064.9_2	-0.151002188565171	5.33089325219608	11.6069623147073	0.000657053823717896	0.0285055896875942
ENSG00000102738.7_2	0.149640829421758	4.23129007948477	11.6034899851186	0.000658281719278056	0.0285055896875942
ENSG00000166783.21_5	-0.115926453955368	4.82675119787718	11.5996312922115	0.000659648960905135	0.0285055896875942
ENSG00000118246.13_3	0.116092104651521	4.36095230393896	11.5919641710573	0.000662374151678096	0.0285055896875942
ENSG00000213401.9_3	4.25189190524532	-3.78878063404811	11.5892001575924	0.0006633593750334	0.0285055896875942
ENSG00000253208.1_4	0.282678770896848	-0.894516590352759	11.5887073185269	0.000663535201297383	0.0285055896875942
ENSG00000200087.1	0.435564425967834	0.384554126053233	11.5758171457159	0.000668150679660659	0.0286065680031165
ENSG00000112406.4_2	-0.21807574622352	2.55648070369595	11.5739216660907	0.00066883210801395	0.0286065680031165
ENSG00000096872.15_2	0.179574630485934	2.64971857470767	11.5689029699352	0.000670639730195664	0.0286208401778888
ENSG00000135624.15_2	0.127570009342193	7.57159853385061	11.5511238135412	0.000677083184360915	0.0287991173772566
ENSG00000229161.2_3	0.156037574673594	4.21242571954947	11.5489934313404	0.000677859453209413	0.0287991173772566
ENSG00000101391.20_4	0.0996487571649154	3.8076174776862	11.5435598950098	0.000679843398538811	0.0287991173772566
ENSG00000184068.2_4	-0.172269097898153	2.74489962075015	11.5410834800898	0.000680749555884271	0.0287991173772566
ENSG00000125885.13_5	0.164846032910465	4.54659615963714	11.5318546877157	0.000684137268152907	0.0288795162456373
ENSG00000172840.6_3	-0.174868654301557	3.39233945215834	11.5088057902972	0.000692672645091895	0.0291157436294052
ENSG00000111676.14_2	-0.192287951093548	4.93513894706705	11.5071247570605	0.000693299351595846	0.0291157436294052
ENSG00000274180.1_2	-0.323840959511952	0.118581534007081	11.5046269850812	0.000694231604718025	0.0291157436294052
ENSG00000125772.12_3	-0.207826087242177	5.43376810744209	11.4908099173085	0.000699411527829955	0.0292697694987113
ENSG00000111252.10_2	0.147756618158647	4.99280081115301	11.476654596688	0.000704758754038213	0.0294301193245463
ENSG00000150753.11_3	0.144494611240467	7.21500890658264	11.4692211412843	0.00070758328916823	0.0294846616074435
ENSG00000117505.12_2	-0.0889517968292107	5.36201149803804	11.459304903667	0.000711369034258698	0.0295789377028595
ENSG00000085760.14_2	0.124549565598508	4.73555304346294	11.4449229679247	0.000716896050695084	0.0296776929833483
ENSG00000148123.14_2	-2.09474853302527	-4.25881933764767	11.4419387818048	0.000718048305302396	0.0296776929833483
ENSG00000178922.16_2	-0.149586428241036	1.90183606368065	11.4412121290621	0.000718329163774523	0.0296776929833483
ENSG00000211947.2_2	-1.28836685434373	2.91173346980151	11.4330339346117	0.000721497780814612	0.0296881576202979
ENSG00000242076.1	1.19526011644914	4.25627224251173	11.4326670718951	0.000721640251147421	0.0296881576202979
ENSG00000103035.10_2	0.103771450061625	5.55875477366862	11.4243593920948	0.000724874140861263	0.0297581523620381
ENSG00000144712.11_3	-0.627704098388121	-1.29172876937703	11.4150565157012	0.000728512807023614	0.0298015901060743
ENSG00000233757.6_4	-0.455178958529821	-1.80166123335949	11.4105085686693	0.000730298371611168	0.0298015901060743
ENSG00000010310.8_3	-0.316338826479342	2.53026194031281	11.409903003124	0.00073053645537601	0.0298015901060743
ENSG00000075239.13_2	0.143005331924047	5.21777143514187	11.3846271010691	0.00074054417683114	0.03011389016562
ENSG00000111361.12_2	0.0861352808402187	5.00550607552904	11.3820189193755	0.000741584710723862	0.03011389016562
ENSG00000120705.12_3	0.113273406425028	6.30910592321687	11.3788662434211	0.000742844442750644	0.03011389016562
ENSG00000239975.2_3	1.21394510609841	3.70561359965846	11.371697571224	0.000745716922006082	0.0301673566489877
ENSG00000174326.11_3	-0.569215435813196	-1.57163515714229	11.3517067979963	0.000753786630449466	0.0304304132849641
ENSG00000196591.11_2	0.106258098378404	5.64899766077698	11.344062084393	0.000756895856899252	0.0304419298176478
ENSG00000152404.15_3	0.164085587541857	3.02174674575124	11.3432979876552	0.000757207338650936	0.0304419298176478
ENSG00000178502.5_2	-0.355998122160678	0.350733089431012	11.3268277807264	0.000763952945030153	0.0306134512070651
ENSG00000067141.16_2	-0.461609636501691	-0.443967546096162	11.3251904837753	0.000764626832599988	0.0306134512070651
ENSG00000182378.13_5_PAR_Y	-0.295113096406231	4.86532692867787	11.3168865401458	0.000768053874553534	0.0306565872622254
ENSG00000089053.12_2	0.0769036080856392	6.20254540144362	11.3112724236186	0.000770379613167802	0.0306565872622254
ENSG00000250526.1_3	0.157747380334202	3.58502327245016	11.3111255600984	0.000770440549179421	0.0306565872622254
ENSG00000185088.13_2	0.175537296289497	5.64766122788254	11.3054661329274	0.000772792449391974	0.0306872878983504
ENSG00000137960.5_3	0.897146486401346	-2.78141430383485	11.2970053517539	0.000776322051818961	0.0307269712485244
ENSG00000146476.10_2	0.131677069642436	4.03237599589649	11.2954884508291	0.000776956580648134	0.0307269712485244
ENSG00000163508.12_3	1.0938367896375	-0.969250530545275	11.2908566665647	0.000778897329154149	0.0307411145071449
ENSG00000266709.1_5	-0.936185754252971	-2.2926756508617	11.2819403264687	0.000782647138086232	0.0308264546193883
ENSG00000242588.5_5	-0.366647447009962	-0.540192278339333	11.2644082323012	0.000790073630272356	0.0310559711591672
ENSG00000090863.11_3	-0.107966905724342	5.700634377598	11.2555091353469	0.000793870442107804	0.0311421742320189
ENSG00000211633.3_2	-1.01557859756163	-2.92883821299414	11.2378582186057	0.000801455876479279	0.0313184834423738
ENSG00000114520.10_4	0.123347597390269	5.05159378283763	11.2375462519606	0.00080159060000308	0.0313184834423738
ENSG00000196419.12_2	0.106699938457844	7.47033156798462	11.2308281833223	0.000804497373291999	0.0313689357320965
ENSG00000151240.16_2	0.674375619197268	-0.851485667269297	11.2242712680708	0.000807344691011516	0.0314168721644521
ENSG00000077044.10_3	-0.24970451958181	5.48998797438591	11.2103737066781	0.000813413374473605	0.031500644342379
ENSG00000227345.4	0.0981987934124628	3.48748691360178	11.2092963119973	0.000813885764310071	0.031500644342379
ENSG00000075336.11_3	0.14079109082841	3.77808538268084	11.2082058398798	0.000814364170350926	0.031500644342379
ENSG00000124422.11_3	-0.144000026518928	6.38616677916241	11.1979563908733	0.000818874665932539	0.0316121436641711
ENSG00000136522.13_2	0.151781555008296	4.16165054344002	11.1881585481319	0.000823210025656038	0.0316811125634203
ENSG00000143190.21_5	-0.147767137314187	4.49901296871686	11.1817714649999	0.000826048671749211	0.0316811125634203
ENSG00000108424.9_3	0.104158009294982	7.90006409786788	11.1804475644099	0.000826638296788999	0.0316811125634203
ENSG00000116120.9_2	0.137775686314396	5.57507548855617	11.1762755871889	0.000828499152235435	0.0316811125634203
ENSG00000271754.1_4	0.146059996637777	1.37697036077988	11.1755597018328	0.000828818888774206	0.0316811125634203
ENSG00000225357.3_3	0.167733825515723	2.26177173177381	11.1706717536991	0.000831005332898133	0.0317022820318584
ENSG00000242301.1	0.248313236962437	-0.314344677600786	11.164026237898	0.000833987314321559	0.0317272845105443
ENSG00000201185.1	1.65528130144275	-3.07928241995152	11.1619336489353	0.000834928539751166	0.0317272845105443
ENSG00000095587.8_2	0.543985120779543	-1.1119711260299	11.1383456820732	0.000845612724418111	0.0319898907290612
ENSG00000110876.9_2	-0.269283004804094	4.05257677144415	11.1374981108935	0.000845999193857096	0.0319898907290612
ENSG00000260381.2_4	0.199026738626381	-0.699161976232859	11.1357835469579	0.00084678153438755	0.0319898907290612
ENSG00000211637.2_2	-1.33071389232397	3.69475240948391	11.1247843690261	0.00085181778551609	0.0321176655517504
ENSG00000174099.11_4	-1.10215979798938	-2.33392249484651	11.1106865387559	0.000858317131830816	0.0322210323442079
ENSG00000155495.8_4	2.80620654893192	-4.46851802650401	11.1092301232503	0.00085899141505946	0.0322210323442079
ENSG00000132510.10_2	-0.228372974136239	4.40816558018174	11.1080519470324	0.000859537272340082	0.0322210323442079
ENSG00000110427.15_4	0.667282084599513	2.13435600023086	11.0916261056461	0.000867184101736325	0.0324450498796068
ENSG00000206028.1_4	-0.484264811150025	0.379700031689889	11.0780875628492	0.000873538462456461	0.0325972039216488
ENSG00000067704.9_2	0.0942859443620545	6.04989411413261	11.0738373764935	0.000875542993138636	0.0325972039216488
ENSG00000104356.10_3	0.155702972743053	4.52574243933497	11.0722624252057	0.000876286973277407	0.0325972039216488
ENSG00000251400.1_3	-0.574388346242978	1.3307809044585	11.066870397274	0.000878838917910955	0.032629625445497
ENSG00000233055.1_4	0.161811522053854	2.09513750192914	11.061351442112	0.000881458715133133	0.0326644376535404
ENSG00000270714.1_4	0.315087289728679	0.744547754763627	11.0523624324039	0.000885742627056433	0.0327606672993939
ENSG00000100154.14_3	-0.524051275381668	-0.431039949352744	11.0389184425463	0.000892188970374464	0.0328771108731851
ENSG00000204894.4_4	-0.782306344373003	-2.04514384187101	11.0362042228927	0.000893496171887115	0.0328771108731851
ENSG00000153015.15_3	0.139885664984107	4.25917245248606	11.0352208341358	0.000893970261666585	0.0328771108731851
ENSG00000165916.8_4	0.154309933004348	5.9226056901444	11.0314457502021	0.000895792585285155	0.032881853347953
ENSG00000156469.8_4	0.142817612759779	3.61840432980542	11.0216940391064	0.000900517369339476	0.0329632080491954
ENSG00000156395.12_2	1.26456699971192	-3.50173357219641	11.0172380361774	0.000902684717690022	0.0329632080491954
ENSG00000167261.13_3	-0.409365452269244	-0.598990413292686	11.0163821988244	0.000903101590388915	0.0329632080491954
ENSG00000076242.14_2	0.108485608678754	5.15071503225008	10.9991247190528	0.000911549250358241	0.0331806422528214
ENSG00000027001.9_3	0.153055472191207	3.55532159394716	10.9956402835759	0.000913264576181923	0.0331806422528214
ENSG00000124098.9_2	0.19845576424246	0.761805159436102	10.9937733785155	0.000914184962676869	0.0331806422528214
ENSG00000183431.11_2	0.111626708507722	5.72460756068977	10.985310408053	0.000918368992640416	0.0332703154833798
ENSG00000213194.3_4	0.158984815853385	1.14415985023421	10.9668275932532	0.000927574199001849	0.0335412212220073
ENSG00000141956.13_3	-0.227361484883796	3.414712871205	10.9469919743608	0.000937556972072282	0.0338391845421925
ENSG00000231043.3_2	0.0983529871011636	4.69048950332527	10.9407398137662	0.000940725990311462	0.0338905700925194
ENSG00000109919.9_2	0.122355310640731	5.48103131795327	10.9270844864565	0.000947685146006359	0.0340780558613916
ENSG00000143314.12_3	0.132722514930455	4.77215191787434	10.919342913507	0.000951653575526383	0.0341037653684059
ENSG00000137547.8_3	0.138143809393489	4.53252177914818	10.9148210638838	0.000953979302736979	0.0341037653684059
ENSG00000111581.9_3	0.111569887494316	5.1579630913358	10.9131415888363	0.000954844571650298	0.0341037653684059
ENSG00000067334.13_2	0.172675114551529	5.01644154813155	10.9103696681293	0.000956274406790639	0.0341037653684059
ENSG00000177125.5_3	-0.161931943750243	2.83218652077594	10.9086131468817	0.000957181590574788	0.0341037653684059
ENSG00000247498.9_5	1.11923540260143	-1.29960486882033	10.8932099486489	0.000965174189007409	0.034325553850084
ENSG00000114686.8_3	0.107225546596853	5.57389470233477	10.8694968428597	0.000977610863143354	0.0346669070077388
ENSG00000254449.1_4	0.144713877625075	2.58072897381007	10.86811032928	0.000978343034310478	0.0346669070077388
ENSG00000108306.12_4	-0.154022312822692	2.93633792266334	10.8647027257405	0.000980144831973299	0.0346674906143124
ENSG00000145685.13_3	-0.204971733991163	4.09087753276757	10.8570156693059	0.000984221757307914	0.0346872290252097
ENSG00000269692.1_3	0.241854370433425	-0.209754620316447	10.8569144038204	0.000984275578993232	0.0346872290252097
ENSG00000255909.1_3	0.159349421096611	3.3362014207891	10.8469247683178	0.000989599634486607	0.0347556648667339
ENSG00000164934.13_4	0.12506688940912	4.85860718291379	10.8459773732118	0.000990106065685578	0.0347556648667339
ENSG00000111728.10_3	-0.889970603529114	-2.43281882150187	10.8432095673099	0.000991587101461047	0.0347556648667339
ENSG00000225921.6_2	0.114735424077133	5.10916282443243	10.8317339619518	0.000997751565298894	0.0348786553183234
ENSG00000225975.6_3	-0.244873503796634	-0.853108776151348	10.8260321785529	0.00100082884552082	0.0348786553183234
ENSG00000085231.13_3	0.153557401273582	3.69071783689578	10.8258189129182	0.00100094413204999	0.0348786553183234
ENSG00000014138.8_3	0.120278186499037	4.99271033984618	10.8233479527173	0.00100228085629954	0.0348786553183234
ENSG00000162992.3_3	1.64486460938212	-2.68415278573506	10.8050492116258	0.00101223634437754	0.0351620846782166
ENSG00000158158.11_2	-0.189769137594984	3.63852117252864	10.7987404779421	0.00101569176438207	0.035170522998304
ENSG00000164904.17_4	-0.568186802383965	1.21645504335161	10.7979934231021	0.00101610173045878	0.035170522998304
ENSG00000164253.13_4	0.108718767425194	4.79847045398784	10.7906760929957	0.00102012616673531	0.0352469927147085
ENSG00000059728.10_3	-0.185348665250158	2.89735888994223	10.7786191413144	0.00102679252927638	0.0354143114271558
ENSG00000224936.1_3	0.176947593173369	0.493939097492393	10.774787857898	0.0010289200805115	0.0354247697222914
ENSG00000141034.9_3	-0.129818946654193	2.97892764577594	10.7699835624051	0.00103159425733527	0.0354539775025422
ENSG00000229950.1_4	-0.621296714910328	-1.86155469853798	10.7394973125733	0.00104872818723942	0.0359329562824989
ENSG00000115761.15_2	0.102972681590353	4.23393767119866	10.7386085947404	0.00104923196066417	0.0359329562824989
ENSG00000264558.1_4	0.112636355465695	4.57093448385741	10.7231392638885	0.00105804013077224	0.0361708155974214
ENSG00000154813.9_2	0.137368820631878	3.43022183762406	10.7151378766238	0.00106262539533817	0.0362637257059342
ENSG00000128011.4_3	-0.437791017418107	-0.836477039313668	10.7091258729759	0.00106608384662553	0.0362838779675754
ENSG00000070785.16_3	0.140387852604288	3.89158783982342	10.707617994541	0.00106695304972116	0.0362838779675754
ENSG00000254369.6_5	1.01944001963065	-3.59476013042327	10.6999799084952	0.00107136698083359	0.0363702867724241
ENSG00000175110.11_4	0.0963335550786028	4.09944766794048	10.6958197953367	0.00107377881033963	0.0363885461416667
ENSG00000108651.9_2	0.0999363726109903	5.02990204330886	10.6682253497256	0.00108991635451951	0.0368091666693469
ENSG00000126858.17_4	0.108401146230281	3.97767824722633	10.66811391371	0.00108998201848154	0.0368091666693469
ENSG00000122566.20_3	0.136481664177635	9.27397477431945	10.6589504726179	0.00109539531706743	0.0368644981420328
ENSG00000133706.17_2	0.0936284249613688	6.00578786097963	10.6589131544511	0.00109541741826928	0.0368644981420328
ENSG00000112339.14_3	0.106611968422185	5.22881708934666	10.6546921070155	0.00109792019233759	0.0368847998180127
ENSG00000083168.9_3	-0.200418100306243	4.61378672407705	10.649328432482	0.00110110880827184	0.036928032537172
ENSG00000250444.1_2	0.161230979302555	2.69854340479162	10.6412750012499	0.00110591404172951	0.0370252394177649
ENSG00000232454.2_4	0.14118414980813	1.23307007324778	10.6348650201193	0.00110975383699419	0.0370564832574493
ENSG00000198625.12_2	-0.181077528833778	5.14654611591552	10.6243335157346	0.00111609186988671	0.0370564832574493
ENSG00000218226.1_3	-0.345495942478326	-0.537289060314801	10.6241500478088	0.00111620260783021	0.0370564832574493
ENSG00000176624.10_2	-0.114854987593406	4.48700145488574	10.6235804640555	0.00111654646917337	0.0370564832574493
ENSG00000228121.1_3	0.174184546332724	1.76836802803025	10.6225615717389	0.00111716184829051	0.0370564832574493
ENSG00000171044.10_3	-0.215883485743974	0.570505585681178	10.6206828881274	0.00111829741419638	0.0370564832574493
ENSG00000167178.15_3	0.804462789331789	-2.82535651471874	10.6048461860908	0.00112791640230057	0.0373115514478236
ENSG00000088930.7_2	0.0902720197802669	5.91308111107527	10.5955347418437	0.00113361107335422	0.037436156160531
ENSG00000078804.12_3	-0.232890688212787	2.32844550901468	10.5875447165798	0.00113852077826026	0.0375344592058705
ENSG00000119013.8_2	0.144613567793979	4.63872683813006	10.5666435718557	0.00115146609096266	0.0377755419491794
ENSG00000118242.15_3	0.166971028168407	4.8108726223518	10.5660922817431	0.00115180954590025	0.0377755419491794
ENSG00000241506.1_3	0.119510607516928	5.65305529702559	10.5549586147413	0.0011587680717976	0.0377755419491794
ENSG00000258017.1_4	0.168953016938666	8.97366509901846	10.5542484864203	0.00115921334124746	0.0377755419491794
ENSG00000198130.15_3	0.159051936534066	3.67309521885628	10.5523083100507	0.00116043076651881	0.0377755419491794
ENSG00000140740.10_2	0.0960161367112174	7.03863314757515	10.5520360738228	0.00116060169324423	0.0377755419491794
ENSG00000116285.12_2	-0.379315060729842	-0.268927836798589	10.5513724098865	0.00116101848922133	0.0377755419491794
ENSG00000168763.15_2	-0.146124811127551	3.26258209472783	10.5507706049173	0.00116139656729118	0.0377755419491794
ENSG00000110395.6_4	-0.159596773756454	5.59392714215292	10.5474756940089	0.00116346877189484	0.0377796598873813
ENSG00000248360.7_4	0.535501660761771	-1.43950225396258	10.5396188134461	0.00116842515635243	0.0378614638507905
ENSG00000171497.4_2	0.118058836371206	4.71677901433546	10.5373069111237	0.00116988764602298	0.0378614638507905
ENSG00000172794.19_4	-0.394469402808851	1.97391746840056	10.5242134916089	0.00117820545051261	0.0380672103794574
ENSG00000283930.1_3	-0.503904550171781	-0.674555653277439	10.520504477532	0.00118057251911188	0.0380771570382933
ENSG00000238000.1_4	0.179625835365826	4.83982370658132	10.5175911686602	0.0011824351474967	0.0380771570382933
ENSG00000164946.19_2	1.28482606896425	-2.22745246450541	10.4983640077256	0.00119480285920411	0.0384117250331548
ENSG00000132664.11_2	0.120859791000882	2.68028348604404	10.4927483033803	0.0011984397535514	0.0384341819433399
ENSG00000213209.2_4	0.233734203048923	1.29242759739489	10.4891652021933	0.00120076612654316	0.0384341819433399
ENSG00000107957.16_3	-0.167068005522547	4.57811087330333	10.4881296756486	0.00120143930577852	0.0384341819433399
ENSG00000232320.6_4	-0.97781733266448	-2.3944470371626	10.4813468767056	0.00120585814782119	0.0384474032082944
ENSG00000185278.15_3	-0.203945262030258	2.56833319838542	10.4789807325718	0.00120740350403443	0.0384474032082944
ENSG00000280039.1_3	-0.167732317079557	-0.337361665913177	10.4783855173279	0.00120779256138941	0.0384474032082944
ENSG00000235269.1_4	-1.06491471078699	-3.33633695437684	10.4685566666449	0.00121423548030444	0.0385892382267621
ENSG00000251553.1_3	0.199473852723811	-0.177653397252356	10.4520036779974	0.00122516485602619	0.0388729594351577
ENSG00000231397.1_4	0.208705736841747	-0.475125449278634	10.4477495808941	0.00122798973668039	0.0388990288855788
ENSG00000064692.18_4	1.18589012136447	-2.442637951339	10.4254872607763	0.00124288061878049	0.0392456841236232
ENSG00000134058.11_3	0.123757966523985	3.50310088221595	10.4253464706209	0.00124297537007047	0.0392456841236232
ENSG00000163938.16_3	0.120121738189253	6.39991220204924	10.4203331868424	0.00124635406165065	0.0392884791706694
ENSG00000140332.15_3	-0.176893984946681	5.05367731984317	10.4139467849453	0.00125067162858886	0.0393126301527042
ENSG00000233144.1_4	0.113352796108547	3.30950344970171	10.413212082983	0.00125116929829906	0.0393126301527042
ENSG00000067533.5_2	0.152209662478657	3.56778295106215	10.3993753799687	0.00126057947393646	0.0394571571093171
ENSG00000101343.14_3	0.0973781309823759	4.03228898308501	10.3923497247977	0.00126538492361145	0.0394571571093171
ENSG00000114541.14_3	-0.75419378215592	-0.450509408172151	10.392090613294	0.00126556250631117	0.0394571571093171
ENSG00000285476.1_1	-1.60793283414849	-3.00258402130577	10.3917575099474	0.00126579083655584	0.0394571571093171
ENSG00000155959.10_2	0.111193354758068	5.01313371737966	10.3896077227497	0.00126726544074083	0.0394571571093171
ENSG00000071462.11_5	0.107102174268334	5.26679309214151	10.3885946131584	0.00126796096591893	0.0394571571093171
ENSG00000101307.15_3	-0.873523805332469	-0.621547487735625	10.3804243369234	0.00127358420566424	0.0395171330496394
ENSG00000131966.13_3	0.100923423864868	3.69686406591272	10.3798818677699	0.00127395845550903	0.0395171330496394
ENSG00000104894.11_3	-0.173958305495799	6.63899616416259	10.3629537311735	0.0012856932902632	0.0397731190094428
ENSG00000225131.2_3	0.170252186386836	5.78965890646943	10.3601166890253	0.00128767064715414	0.0397731190094428
ENSG00000023734.10_3	0.0971748358645875	5.71812015202084	10.3562404678572	0.00129037726599774	0.0397731190094428
ENSG00000198286.9_2	-0.183707664599629	5.49608450235511	10.3489541519877	0.00129548062065142	0.0397731190094428
ENSG00000227057.9_3	0.139970234795854	4.94150217145141	10.3486480305422	0.00129569547551928	0.0397731190094428
ENSG00000090238.11_3	-0.25670019239298	2.64537308697952	10.3465193508562	0.00129719051163401	0.0397731190094428
ENSG00000148219.16_4	0.20828628068307	1.76444961998128	10.3465026683019	0.00129720223518923	0.0397731190094428
ENSG00000058729.10_3	0.131642689188308	3.75713034047588	10.3445189476283	0.00129859704665706	0.0397731190094428
ENSG00000279825.1_4	-0.47850785708218	-1.27327785825348	10.3319478408323	0.00130747151676472	0.0399818612795864
ENSG00000170606.14_3	0.114006522086747	6.77297649146732	10.3248655455038	0.001312498213604	0.0400524461409689
ENSG00000249176.1_4	0.206888990070082	0.965460794107375	10.3216418607785	0.00131479271499385	0.0400524461409689
ENSG00000012124.16_3	-0.164648903195371	7.4456263269732	10.3199932683732	0.00131596769172614	0.0400524461409689
ENSG00000163918.10_3	0.128656190029114	4.54005185311726	10.3002550041082	0.00133011827110707	0.0402598651529159
ENSG00000256356.1_3	0.191209890354481	4.61168268537437	10.3001001656149	0.00133022988326438	0.0402598651529159
ENSG00000197724.10_3	-0.141063873971248	3.59213868262206	10.296240863424	0.00133301484723403	0.0402598651529159
ENSG00000087191.12_3	0.13912414632086	5.99307762981917	10.2928546300983	0.00133546329437513	0.0402598651529159
ENSG00000224550.1_4	0.142301349351323	4.61566513136871	10.2926109905247	0.00133563963566604	0.0402598651529159
ENSG00000126945.8_3	0.109140999724631	4.97466348907907	10.290395261064	0.001337244417173	0.0402598651529159
ENSG00000110013.12_2	0.120470498900621	3.08895647264516	10.2821307424222	0.00134324737876398	0.0402598651529159
ENSG00000092051.16_3	0.441474740277479	2.08894400090078	10.281441368292	0.00134374933897698	0.0402598651529159
ENSG00000114480.12_3	0.223058546117638	6.60247362394136	10.2799761564071	0.00134481684771716	0.0402598651529159
ENSG00000228775.7_4	0.471542203866474	-1.30882355649217	10.2776138703649	0.00134653974545407	0.0402598651529159
ENSG00000283906.1_3	1.14408049263646	-0.677687344740772	10.2759185856135	0.00134777755283029	0.0402598651529159
ENSG00000248275.1_4	0.207156979996242	0.979528674358089	10.2734405783751	0.00134958893548166	0.0402598651529159
ENSG00000230530.1_4	-0.151862547202082	3.63038456300243	10.2732396399111	0.00134973592617923	0.0402598651529159
ENSG00000166181.12_4	0.0977360290614107	5.92083033265966	10.2699515374469	0.00135214354577799	0.0402698211225721
ENSG00000231434.1_4	0.225585928115841	2.86899194139879	10.2667707429009	0.0013544767291998	0.0402775331203703
ENSG00000272770.1_4	0.118368553913781	2.72368191772975	10.2574626049899	0.00136132789627467	0.0404193655808279
ENSG00000237399.7_5	0.117201696895538	2.8393960328876	10.2510101743854	0.00136609772556493	0.0404409494818987
ENSG00000124802.11_3	0.192711842173599	2.46375862938093	10.2508448648312	0.00136622014935243	0.0404409494818987
ENSG00000168827.14_3	0.124870352790274	5.20609690238485	10.2303367798166	0.00138149436627198	0.0407786194470753
ENSG00000123505.15_3	0.106247101728483	5.92565474675438	10.2281561974464	0.00138312857721698	0.0407786194470753
ENSG00000198740.8_3	-0.185927859425397	2.99696761778524	10.2270907038952	0.00138392781005369	0.0407786194470753
ENSG00000082153.17_4	0.111861753776443	5.76028630198243	10.2205840129907	0.00138881867236164	0.040860728757452
ENSG00000112531.16_3	-0.124300213709891	5.07630362693727	10.211674152321	0.00139554431811639	0.0409964895146507
ENSG00000116273.5_2	-0.112993764356429	3.72667888959062	10.1980980357325	0.00140585576729638	0.0412370200745635
ENSG00000261602.1_4	0.269026733987119	0.0268255576746836	10.1946195624015	0.0014085101593908	0.0412525645174215
ENSG00000264885.1_5	-0.304582363649535	-0.807479299568877	10.1882868993897	0.00141335559311604	0.0412671359198949
ENSG00000255867.1_4	-0.384055491154946	-1.87609607757303	10.1861112832356	0.00141502415682804	0.0412671359198949
ENSG00000111321.10_2	0.746319553056127	-0.0893035052517706	10.1856433679665	0.00141538327956793	0.0412671359198949
ENSG00000271018.1_4	0.371939011084891	-1.11518795845711	10.1755221603947	0.00142317388460694	0.0414320697020954
ENSG00000196072.11_4	0.129342672990635	4.50867560946319	10.1613899492998	0.00143412457761475	0.0416388406029654
ENSG00000185721.12_3	0.105372909499931	4.59422712988052	10.160317295498	0.00143495922535383	0.0416388406029654
ENSG00000234818.1_4	0.124950808840981	1.93713224439481	10.1580700901952	0.00143670940385142	0.0416388406029654
ENSG00000232977.6_2	-0.847427960856434	-2.77701267830237	10.1504511112925	0.00144265935408076	0.0416703132147951
ENSG00000118816.9_3	-0.104669679664405	7.17336753335729	10.1491593319701	0.00144367062460622	0.0416703132147951
ENSG00000211640.4_2	-1.0520284002868	3.97107731912809	10.1462334209713	0.00144596383141413	0.0416703132147951
ENSG00000151746.13_3	-0.133051036431357	3.45267859911932	10.1457039663515	0.00144637918976063	0.0416703132147951
ENSG00000184292.6_2	-0.998145520746261	-2.25960894606142	10.1302056554254	0.00145859132700368	0.0419215009724301
ENSG00000160606.10_3	0.210262157023692	1.02624817830874	10.1291641514836	0.00145941573062945	0.0419215009724301
ENSG00000211639.2_2	1.61157520574375	1.36242626884717	10.1113212231297	0.00147361283331867	0.0421615947161807
ENSG00000125875.13_2	-0.0869375323193726	3.7674577755854	10.1099983881021	0.00147467092702649	0.0421615947161807
ENSG00000260719.1_4	-0.45060235207218	-1.01247884519376	10.104449917036	0.00147911736025836	0.0421615947161807
ENSG00000073712.14_4	0.616907370864513	1.11164825887887	10.1038644253739	0.0014795873527112	0.0421615947161807
ENSG00000047621.11_3	0.110470025818027	3.63781578402661	10.102656529135	0.00148055744664911	0.0421615947161807
ENSG00000100902.10_4	0.146772483340046	2.98949572066696	10.10235251555	0.00148080170957025	0.0421615947161807
ENSG00000108468.14_3	0.0878226148903735	5.32946585891783	10.0995469781156	0.001483057775067	0.0421640056753309
ENSG00000181610.12_2	0.116647081887197	4.69367844861206	10.0816695432599	0.00149751585523641	0.042392803966786
ENSG00000146648.17_3	-0.691223844395355	-0.866843009004753	10.080687107994	0.00149831450856755	0.042392803966786
ENSG00000149196.15_4	0.0966779753588278	3.87519758443472	10.0784298421253	0.00150015114731234	0.042392803966786
ENSG00000211673.2_2	1.12795833303191	5.73345785811701	10.0781726362313	0.00150036056916986	0.042392803966786
ENSG00000230532.1_4	0.13290314117215	3.32470890689943	10.075922510203	0.00150219392686369	0.042392803966786
ENSG00000261834.2_2	-0.894561299237589	-1.67290397933632	10.0734581443633	0.00150420444603541	0.042392803966786
ENSG00000211649.3_3	1.60594205796466	2.37545783320818	10.0704093643506	0.00150669552302405	0.0424014690812767
ENSG00000198799.11_3	-0.136855084373553	2.96867959924539	10.0656887922459	0.00151056082193377	0.0424487265416932
ENSG00000102886.14_2	-0.298193618553366	-0.516508764494498	10.0590575633794	0.00151600757321828	0.0425402240704516
ENSG00000197363.9_2	-0.166716616969217	0.51843470957581	10.0528201208634	0.0015211490295533	0.0425809969029627
ENSG00000115738.9_2	0.347811715212422	4.11877984147473	10.051975835513	0.00152184632045814	0.0425809969029627
ENSG00000130347.12_2	0.148414977807922	2.14066547117849	10.0426840922838	0.00152954174231448	0.042687817760084
ENSG00000233138.1_4	-0.245821525292715	-0.133232817180485	10.0420590339773	0.00153006082815009	0.042687817760084
ENSG00000235411.1_4	0.1291173186734	1.99372127526572	10.0377135048209	0.00153367455098083	0.0427086441077371
ENSG00000061794.12_3	0.0923915777351667	4.87670310174183	10.0358748384256	0.00153520617917399	0.0427086441077371
ENSG00000211956.2_2	1.02342334577016	4.72910185814078	10.0301465052385	0.00153998787885119	0.0427183587035274
ENSG00000140259.6_2	0.0832164831361415	5.0503329304705	10.0287015356702	0.00154119644110885	0.0427183587035274
ENSG00000138279.15_4	0.0963565050156758	6.27368933533515	10.0254043479682	0.0015439577835148	0.0427183587035274
ENSG00000103510.19_3	-0.0823509595634212	3.82085251918951	10.0202812224956	0.0015482582650558	0.0427183587035274
ENSG00000164916.10_3	-0.212403834943682	4.66802636972551	10.0197433655291	0.00154871045897127	0.0427183587035274
ENSG00000242028.6_4	-0.332168680620702	0.0508831034756891	10.0196903991499	0.00154875499677018	0.0427183587035274
ENSG00000230067.3_3	0.193637425942085	2.40763173010836	10.0160961020019	0.0015517803635699	0.0427410937585819
ENSG00000124193.14_2	0.111467392792797	6.15081747277582	10.008187016636	0.00155845863813907	0.0428642348943122
ENSG00000202538.1	1.43745486910545	-2.54742171443257	9.99560122725137	0.00156914590288018	0.0430971359860359
ENSG00000186625.13_2	0.0965720094373276	3.27767709956843	9.98017142320668	0.00158234952381716	0.0433457239507141
ENSG00000133433.10_2	-0.754214214783208	-2.82303678701403	9.97827989406784	0.00158397587144811	0.0433457239507141
ENSG00000138685.14_4	0.237960338458272	1.73641422117382	9.97517521987555	0.00158664895929858	0.0433457239507141
ENSG00000078070.12_3	0.109930908015853	4.72609645670232	9.97385887896985	0.00158778369222573	0.0433457239507141
ENSG00000125378.15_3	-0.962232985653968	0.180486528048578	9.97023916768853	0.00159090825270707	0.0433457239507141
ENSG00000185219.16_2	-0.148202522912597	4.16354406044389	9.96944994995039	0.00159159033766913	0.0433457239507141
ENSG00000249920.2_3	0.180591588253583	2.4401596420296	9.95297350443605	0.00160589802284693	0.0435481774175355
ENSG00000253441.1_2	-0.927056834584496	-2.62575214378002	9.95081296914753	0.00160778380900312	0.0435481774175355
ENSG00000169019.10_2	0.147558818397995	3.99053114850751	9.95059497126346	0.00160797420925937	0.0435481774175355
ENSG00000150867.13_3	-0.136021836707626	6.37563926827281	9.95057138682904	0.00160799480937135	0.0435481774175355
ENSG00000271821.1_4	-0.39859101121356	-1.56370732957687	9.93755850999247	0.0016194019313358	0.0437264453763925
ENSG00000136518.16_3	0.104933679523609	4.96564814648292	9.92962717917561	0.00162639473000389	0.0437264453763925
ENSG00000234176.1_3	0.179099996777666	4.46707054781952	9.92686948344988	0.00162883326170501	0.0437264453763925
ENSG00000136542.8_2	1.21748535938905	-2.9533636316679	9.92636172937563	0.00162928265407124	0.0437264453763925
ENSG00000260186.5_3	1.01889068469634	-2.70996607302577	9.92567728501297	0.00162988862655983	0.0437264453763925
ENSG00000013563.13_3	-0.154439157250938	3.28166096938936	9.9224288015975	0.00163276778458837	0.0437264453763925
ENSG00000088205.12_2	0.105414818685193	5.98665108194537	9.92101481638099	0.00163402262040601	0.0437264453763925
ENSG00000276085.1_2	-0.499250182434384	2.31063032477166	9.92021981396283	0.00163472857129893	0.0437264453763925
ENSG00000053900.10_2	0.124770468656427	3.9646860841506	9.92008994169305	0.00163484392539195	0.0437264453763925
ENSG00000137513.9_3	0.106537441830145	3.67913440624881	9.90094785270082	0.00165193665441484	0.044064858921212
ENSG00000143751.9_2	-0.131087623830683	3.62967979506096	9.90083820185259	0.00165203508572676	0.044064858921212
ENSG00000130595.18_5	-0.688122645288477	-1.93068431644339	9.88027922561798	0.00167059585443482	0.0444157539044195
ENSG00000115970.18_3	0.0931225944603524	4.30689313969343	9.87912186575676	0.00167164698553065	0.0444157539044195
ENSG00000249915.7_3	0.0934772712183815	5.13924987753596	9.87803637723295	0.00167263345095227	0.0444157539044195
ENSG00000244617.2_3	0.305373877717635	-1.20576883739986	9.8761601805187	0.00167433988351195	0.0444157539044195
ENSG00000271569.1_2	1.27616693633796	-1.52341646013468	9.87209779702596	0.00167804073631471	0.0444470427418384
ENSG00000234825.3_3	0.11540618130971	5.89191096783645	9.86984425250307	0.00168009730005713	0.0444470427418384
ENSG00000262539.1_4	1.09926323358218	-1.67670620963974	9.85942468229905	0.00168963935297388	0.0446386625252337
ENSG00000279528.1_4	0.20685462996088	0.295837958073417	9.85374002452085	0.00169486839016074	0.0447159706523659
ENSG00000089195.14_2	0.126626722396508	3.56568534309572	9.85072507476252	0.00169764834508085	0.0447285421503119
ENSG00000151465.13_3	0.11812164162316	5.6061683528873	9.83730554486658	0.00171007806860776	0.0449875343554523
ENSG00000172171.10_3	0.121118617869642	2.57712632220318	9.83511922175671	0.00171211184924705	0.0449875343554523
ENSG00000230138.1_4	-0.298656813178656	-1.32052920243738	9.8241151620976	0.00172238541306615	0.0451289597654696
ENSG00000224557.7_2	-0.390288709726952	1.40904964486033	9.81976232259603	0.00172646651381745	0.0451289597654696
ENSG00000221190.1	0.14655756781925	1.97184249902399	9.8157203371324	0.00173026493981311	0.0451289597654696
ENSG00000272047.1_2	0.146279442722582	3.32286484913475	9.81339693377123	0.00173245217252969	0.0451289597654696
ENSG00000230337.1_4	0.180528936808784	0.0318436388894596	9.81145706650847	0.00173428049346099	0.0451289597654696
ENSG00000137203.11_3	-0.571371133912151	-1.37889981538814	9.81120720640604	0.00173451612818357	0.0451289597654696
ENSG00000226089.2_5	0.685670210313401	-0.785848601962725	9.81066996173683	0.00173502289557177	0.0451289597654696
ENSG00000179388.8_2	-0.303582507314666	3.17630476814835	9.80954261992957	0.00173608677231465	0.0451289597654696
ENSG00000149294.16_5	-0.738579797001883	-3.18682347305372	9.80611245226419	0.0017393279017934	0.0451527663061821
ENSG00000156052.10_2	-1.23423363687716	-2.13670569552731	9.79765506402686	0.00174734541981468	0.0453003382669712
ENSG00000121101.15_3	0.335016710637704	-0.911674515140038	9.79273094319535	0.00175203067520047	0.0453612422013904
ENSG00000107959.15_3	0.10533861871986	5.17303572776805	9.78767790444294	0.00175685183002427	0.0454254977835037
ENSG00000053372.4_2	0.150688442987294	5.01693715460847	9.77674259233783	0.00176733139982889	0.0456356929812199
ENSG00000115875.18_3	0.109473907129597	6.40931469364588	9.7688345696298	0.00177494929504542	0.0457715344106134
ENSG00000187624.8_5	-0.729320753736315	-0.322962714213542	9.76282541729438	0.00178076022797792	0.0458604802478451
ENSG00000214401.4_4	0.499190407207881	-1.55600570606377	9.75408541696629	0.00178924635896679	0.0459620002542429
ENSG00000214009.2_3	0.172498017216822	1.57308953268137	9.75389037420848	0.00178943620312121	0.0459620002542429
ENSG00000153406.13_2	0.162508799912752	3.97772686735658	9.74692664615583	0.00179622771442557	0.0460485672428992
ENSG00000168385.17_3	0.081630027828249	7.24621350900554	9.74557456248874	0.00179754938562764	0.0460485672428992
ENSG00000135473.14_2	-0.14357531193178	4.36811170325731	9.74270786877003	0.00180035485958493	0.0460596714933073
ENSG00000242140.1_4	0.16514530892376	1.77030872178217	9.73975485819642	0.00180324944702544	0.0460730233714999
ENSG00000267023.5_2	-0.34370622716109	0.705446893350021	9.72614351946743	0.00181665259010885	0.0463544809392033
ENSG00000226754.1_4	0.256702112803126	0.0384683455786356	9.719388199278	0.00182334202706944	0.0464153129221869
ENSG00000040608.13_4	-0.654730272061337	-2.05706443922571	9.71375079522193	0.00182894355710336	0.0464153129221869
ENSG00000134375.10_2	0.129938121122289	5.12330835587757	9.71318996985548	0.00182950176658953	0.0464153129221869
ENSG00000162664.16_2	0.12930705741021	4.16667516775889	9.71178248469346	0.00183090344733319	0.0464153129221869
ENSG00000235245.1_5	-0.340846306110522	-1.44784894829841	9.71001019608605	0.00183266997532119	0.0464153129221869
ENSG00000172594.12_2	-0.69107735802012	-2.93705451865963	9.70739732438602	0.00183527750541573	0.0464153129221869
ENSG00000058600.15_4	0.0936101374871049	4.19180833427179	9.70690535359284	0.00183576889093828	0.0464153129221869
ENSG00000255276.1_4	0.152008012971022	2.56132618040953	9.69621171329072	0.00184648282219445	0.0465330565647646
ENSG00000213790.2_3	0.101478942199748	5.0537574906289	9.6907792211602	0.00185194987583895	0.0465330565647646
ENSG00000120694.19_3	0.193449609478047	6.64188156252533	9.69052532455618	0.00185220578866282	0.0465330565647646
ENSG00000165702.14_4	-0.398383052338215	-2.0824112041816	9.68504697384009	0.0018577363824405	0.0465330565647646
ENSG00000230170.1_3	0.167976651533948	0.830098642427314	9.67847156894027	0.00186439659907651	0.0465330565647646
ENSG00000211460.11_3	0.0974023472601524	5.23639168400949	9.67811725743735	0.00186475616702742	0.0465330565647646
ENSG00000213197.3_2	0.160434059831253	1.88624752679281	9.67798904775935	0.00186488629609982	0.0465330565647646
ENSG00000135521.8_3	0.155106301711963	3.34627298405061	9.67678813516102	0.00186610563422281	0.0465330565647646
ENSG00000111788.10_4	-0.190374808767899	2.14956106926467	9.67472135320406	0.00186820601908039	0.0465330565647646
ENSG00000184863.10_5	-0.108817851195148	5.29792945233911	9.67464359208793	0.00186828509123725	0.0465330565647646
ENSG00000011295.15_5	0.0882298993672219	3.93671076740293	9.67429160179989	0.0018686430584612	0.0465330565647646
ENSG00000146166.16_3	-1.02136023200731	-3.20394889835965	9.67164832522991	0.00187133344110367	0.0465330565647646
ENSG00000135424.15_3	-0.351408654993857	-1.49371264863919	9.67140745206984	0.00187157880199202	0.0465330565647646
ENSG00000165609.12_3	0.115031655139238	5.20149036583822	9.6670026062514	0.00187607146979531	0.0465851097192907
ENSG00000115946.7_2	0.128939895693654	3.83304778577626	9.65639620588166	0.00188693423977771	0.0466725905897053
ENSG00000104522.15_3	0.152783293472816	4.02668123791075	9.6547566513679	0.00188861910458041	0.0466725905897053
ENSG00000100647.7_2	-0.138801244189126	5.01975206497913	9.65328325817649	0.00189013451700378	0.0466725905897053
ENSG00000258925.2_2	0.122645278532669	2.06191516842846	9.65226874030481	0.00189117868405214	0.0466725905897053
ENSG00000173480.10_4	-0.214857962744638	2.4706331270457	9.65184754609623	0.00189161235936235	0.0466725905897053
ENSG00000254777.5_2	-0.38700393932566	-0.335871143089394	9.64279056544638	0.00190096215092792	0.0468074362870473
ENSG00000198198.15_4	-0.143679723859297	4.56193090285756	9.64188592172923	0.00190189861110724	0.0468074362870473
ENSG00000165474.6_3	-0.561180617651107	-0.561309839546014	9.63364489279195	0.00191045104140266	0.0469584029391859
ENSG00000240135.1_4	0.165948132146538	1.43995831111712	9.62670937147379	0.00191767883787649	0.0470764698784901
ENSG00000183605.16_3	0.122781516389613	3.85120688732027	9.61076512669706	0.00193440029653869	0.0473484632874025
ENSG00000187621.14_3	-0.447508055579206	1.23474618832691	9.60924987554489	0.0019359970807285	0.0473484632874025
ENSG00000172409.5_3	0.115311729066186	3.14998153095176	9.60548375940789	0.00193997163535384	0.0473484632874025
ENSG00000122678.16_3	-0.109971289418387	3.49294017447926	9.6043010933991	0.00194122146276656	0.0473484632874025
ENSG00000243264.2_4	-1.2314566902255	2.04165890792676	9.59981661054962	0.00194596803153407	0.0473484632874025
ENSG00000120053.10_2	0.108757378969056	4.75343217368518	9.59727806331347	0.00194866015221371	0.0473484632874025
ENSG00000108582.11_3	-0.159858238068278	3.89344114693039	9.59700899540786	0.00194894571902432	0.0473484632874025
ENSG00000115616.2_2	-0.735122283157887	-0.910223926361579	9.596640298073	0.00194933709331295	0.0473484632874025
ENSG00000100354.20_5	-0.125976701514831	4.52766188165323	9.59535316363781	0.00195070401843248	0.0473484632874025
ENSG00000259303.5_2	-1.39133350194156	-1.22220008510373	9.58528232963994	0.00196143275386584	0.0475494397185604
ENSG00000278311.4_3	0.0939798548759065	4.91208950774508	9.57929106035681	0.00196784377796091	0.0476453746638965
ENSG00000155761.13_4	0.130770237685268	0.552255355210929	9.56800798593957	0.00197997509328678	0.0478531353490832
ENSG00000173214.5_3	-0.215039948794772	2.42555809568627	9.56673046508354	0.00198135342572164	0.0478531353490832
ENSG00000116062.14_3	0.0988544940672178	6.05937628000121	9.55249291950554	0.00199678047627772	0.0481658177495165
ENSG00000137947.11_3	0.0957853536295527	3.99950140997902	9.54820079388753	0.00200145504502146	0.0481882954571181
ENSG00000198898.13_3	0.0880617999566499	5.44223257217758	9.54708178751116	0.00200267558110486	0.0481882954571181
ENSG00000224650.2_2	-0.927390273866856	3.84326465762123	9.53494085801344	0.00201596669382879	0.0484291695864729
ENSG00000159461.14_4	-0.130321482175965	5.1364134872963	9.53338697437437	0.00201767422986181	0.0484291695864729
ENSG00000104332.11_3	-0.989099540967741	-1.71312980405892	9.52512738811117	0.00202677519212217	0.0485327342332437
ENSG00000267656.1_4	0.17137492520813	0.626598541687854	9.52490221565876	0.00202702388411937	0.0485327342332437
ENSG00000078699.21_3	-0.128880105840627	3.15967759492386	9.52267347942137	0.00202948708401452	0.0485327342332437
ENSG00000174456.13_3	-0.147137333837552	3.04154488277277	9.5156786218563	0.00203723753049214	0.0486581529730584
ENSG00000100393.12_3	-0.200606161784109	5.3786956581457	9.50516244451029	0.00204894618927396	0.0488776868591177
ENSG00000211663.2_2	1.54888536921551	5.21966234245334	9.48668178737364	0.00206968804159406	0.0492135135332986
ENSG00000154447.14_3	-0.186433531433386	3.6830427617479	9.48467828193458	0.00207194944025422	0.0492135135332986
ENSG00000196968.10_3	-0.193659063642924	4.88693412425001	9.48329048242175	0.0020735173474399	0.0492135135332986
ENSG00000226696.5_4	-0.251245601242726	0.136751098509767	9.4814398483569	0.00207561002764253	0.0492135135332986
ENSG00000173894.10_2	0.296230252268124	0.515622966115626	9.48136373942435	0.00207569613676854	0.0492135135332986
ENSG00000006282.20_4	0.304931366380783	3.55256260740881	9.4661911574168	0.00209293484153657	0.0495361608673595
ENSG00000105852.10_2	1.47303410192386	-3.91644806316352	9.46200806489713	0.00209771304748466	0.0495361608673595
ENSG00000100344.10_3	-0.724070665942286	-2.4845568366073	9.46172891795663	0.00209803230111728	0.0495361608673595
ENSG00000183098.10_2	-1.18701860178524	-3.60456905796009	9.46043853318395	0.00209950872354706	0.0495361608673595
ENSG00000196865.4_2	-0.158039520335552	3.98164911943072	9.45683155933375	0.00210364131425611	0.0495433666453141
ENSG00000139323.13_3	-0.117604602784761	2.95832618287549	9.45571961408632	0.00210491695758493	0.0495433666453141
ENSG00000106605.10_3	0.164567620381236	4.59449750727156	9.45122775136906	0.0021100780925573	0.0495468902220185
ENSG00000129116.17_3	0.522277800726245	-0.661141469036683	9.45114799048378	0.00211016985341484	0.0495468902220185
ENSG00000159314.11_3	-0.139448513409085	4.14344667267472	9.44492610145312	0.00211734030609777	0.0495957526908407
ENSG00000271270.5_4	0.170197696050664	1.64528589577298	9.44280683766573	0.00211978830174748	0.0495957526908407
ENSG00000115392.11_4	0.131561419038776	4.81703993709002	9.4426987684584	0.00211991321111329	0.0495957526908407
ENSG00000257553.1_4	0.138199089108992	4.28779889618841	9.43738758862992	0.00212606122599292	0.0496741776879726
ENSG00000151790.8_2	1.10515460374864	-3.38969738159275	9.43531369376592	0.0021284667920358	0.0496741776879726
ENSG00000273262.1_4	0.131045908745523	1.5429530553813	9.43318408881652	0.00213093985034922	0.0496741776879726
ENSG00000081320.10_3	-0.164471449441813	5.95117653287033	9.42543301701249	0.00213996561291265	0.0497642733769176
ENSG00000197670.6_4	-0.209493550310537	1.2652502434041	9.42485745254783	0.00214063737537424	0.0497642733769176
ENSG00000142686.7_2	0.118635722946871	3.16766120695642	9.42326835629245	0.00214249317865399	0.0497642733769176
ENSG00000159199.13_3	0.156801313141121	5.54613560560484	9.41825335083956	0.00214836058816472	0.0498409389497999
