logFC	logCPM	LR	PValue	FDR
ENSG00000173585.15_2	6.41033321429845	-3.13999359106576	76.0815557651381	2.72187766963299e-18	5.28534205889334e-14
ENSG00000145824.12_2	3.77624803238505	-2.4900678540061	56.1175722194776	6.82642665116864e-14	6.62777763561964e-10
ENSG00000271620.1_2	3.75077193459801	-0.607487802783402	45.3896237029913	1.61487658874301e-11	1.04525578667373e-07
ENSG00000279778.1_4	4.78935511625963	-4.29507984787945	35.927385100346	2.04809779575506e-09	9.94249074949292e-06
ENSG00000254167.1_2	4.32228522210105	-3.40386395173921	35.3418240764948	2.76627372665958e-09	1.07431006448551e-05
ENSG00000211625.2_2	3.34709120176617	3.54864317504374	33.782832147695	6.16202551629782e-09	1.99423685792452e-05
ENSG00000112769.18_3	4.58511634660584	-3.8693181315014	32.689564690688	1.08116110978812e-08	2.99914091855225e-05
ENSG00000175215.10_3	0.735604488005346	5.69714375793528	31.6166112267459	1.87816135090913e-08	4.55876713899418e-05
ENSG00000084731.14_3	1.10932613598457	0.330945767458823	30.8640574997411	2.76750147750027e-08	5.97103818778893e-05
ENSG00000132196.13_2	0.578471037752598	3.76636141493787	29.8912508964877	4.56970226698685e-08	8.70096455593142e-05
ENSG00000262902.1_3	-2.33046593575504	6.28398783379436	29.7445251258916	4.928963338925e-08	8.70096455593142e-05
ENSG00000254292.1_2	4.02497966327222	-2.43278890395237	29.1226942200141	6.79365091034408e-08	0.00010233712497923
ENSG00000170099.5_3	4.3048653380422	-3.16580034284393	29.0922437327956	6.90127265015087e-08	0.00010233712497923
ENSG00000110395.6_4	0.665249118451338	5.59392724386155	28.9627628088447	7.3783074967001e-08	0.00010233712497923
ENSG00000136485.14_2	0.479274741610621	6.43429438977412	28.5081589258513	9.3304477704309e-08	0.000120785756537485
ENSG00000259684.1_4	-1.13867356940931	0.772580020142586	28.1676962729302	1.11245860856072e-07	0.00013501075788145
ENSG00000068489.12_3	0.682137517435173	4.91274565129297	27.3771398283422	1.67398467144264e-07	0.000180736982976773
ENSG00000229604.2_3	1.58449767051731	2.06666742869899	27.3755210140337	1.67538659675657e-07	0.000180736982976773
ENSG00000211669.3_3	3.75096884177224	2.71632190127102	27.146523119646	1.88604089577737e-07	0.000192753379548447
ENSG00000124422.11_3	0.560482291044835	6.38616684179063	25.9798545158603	3.44998703322146e-07	0.000320573324404024
ENSG00000173218.14_2	1.33772254498766	2.43570558756519	25.9704096996429	3.4669068969433e-07	0.000320573324404024
ENSG00000130164.13_4	0.653917834192891	5.08268646569016	25.6062064590498	4.1869054461201e-07	0.000369551499785273
ENSG00000107099.15_3	0.641633421265777	6.43922233168024	25.1223641665597	5.38052223015144e-07	0.00044773838337811
ENSG00000158158.11_2	0.746299523483637	3.6385214442891	25.0681649750773	5.53389700333435e-07	0.00044773838337811
ENSG00000134824.13_3	0.69452550985887	7.13496440498929	24.8542704533068	6.18319164016999e-07	0.000468463289285966
ENSG00000118903.6_3	-1.44045644194133	-1.00282508551406	24.8266103397237	6.2725540845788e-07	0.000468463289285966
ENSG00000166813.14_2	0.928407543539967	0.629847169657306	24.7000471745556	6.69825348094646e-07	0.000481728467011179
ENSG00000117318.8_2	1.24572606247579	4.11696903284786	24.5558568322821	7.21865962566049e-07	0.000500614045039555
ENSG00000265415.1_4	0.646316989227695	2.22434577581672	23.733758156696	1.10624995800136e-06	0.000740729713257599
ENSG00000253545.1_2	2.79157478903348	-0.771751390562251	23.5821441887655	1.19693073300727e-06	0.000774733365784506
ENSG00000167323.11_4	0.444636134734298	5.39438027551871	23.3830759409329	1.32741266880249e-06	0.000831474167832473
ENSG00000259736.1_4	0.803543218043425	-0.351544897285363	23.0850301083884	1.5499273777509e-06	0.000895926076165812
ENSG00000140577.15_3	0.499243246500075	4.48642953429788	23.0467880180866	1.58106425930274e-06	0.000895926076165812
ENSG00000233098.8_5	0.713560357772071	2.9749407616924	23.0175463763119	1.60529557981025e-06	0.000895926076165812
ENSG00000128609.14_2	-0.644749070902522	4.54363014525008	23.0061222514683	1.6148631509838e-06	0.000895926076165812
ENSG00000131473.16_3	0.437265236226126	7.06248390167518	22.5310552044151	2.06773645479841e-06	0.00107577442062401
ENSG00000089902.9_2	0.550020303575523	3.5220477985049	22.4748871879842	2.12908958674109e-06	0.00107577442062401
ENSG00000163818.16_3	1.45623794033408	0.813670239138592	22.4634985234411	2.1417505438687e-06	0.00107577442062401
ENSG00000105538.9_3	3.11134797969585	-2.11059831776981	22.4102021882609	2.20201210640562e-06	0.00107577442062401
ENSG00000113161.15_3	0.502970985940138	6.13283572744047	22.3366769324645	2.2879483467589e-06	0.00107577442062401
ENSG00000080573.6_2	2.28118333866979	-2.39487199115293	22.3061427813508	2.32461803029638e-06	0.00107577442062401
ENSG00000102034.16_2	0.49495953864837	5.03869043251323	22.3043104188099	2.32683724720406e-06	0.00107577442062401
ENSG00000106785.14_2	0.47428279376862	5.30521076371576	22.1708835596238	2.49427941418746e-06	0.00108746215984441
ENSG00000099194.5_2	0.710095929832951	6.98292730538762	22.1330971686917	2.543858965833e-06	0.00108746215984441
ENSG00000141298.17_3	0.641015603170888	5.29675510841864	22.1184249643384	2.56337580225912e-06	0.00108746215984441
ENSG00000253239.1_2	3.51964301577792	1.41219181547238	22.1088984125242	2.57612830120727e-06	0.00108746215984441
ENSG00000130723.19_4	0.532697460059515	6.70218489428245	21.8032769892409	3.02083747802841e-06	0.00123451005623078
ENSG00000276293.4_3	0.359450488915482	5.16483755988077	21.7838208595208	3.05162646508794e-06	0.00123451005623078
ENSG00000168918.13_3	0.428565959939288	6.59437458660338	21.7090692025284	3.1728770880605e-06	0.00125736586318283
ENSG00000260621.1_4	0.771185964736717	0.712200291915083	21.5377790895276	3.46926404402121e-06	0.00132213536086717
ENSG00000254132.1_3	-1.09302932375013	3.18610113596754	21.535994013485	3.4724947679589e-06	0.00132213536086717
ENSG00000260249.2_4	-0.82751300314804	1.26600775796913	21.461471461904	3.61009795024822e-06	0.00134809388457538
ENSG00000228325.3	2.88631902125488	0.0885467768999697	21.3866337324009	3.75379035465135e-06	0.00137530379446453
ENSG00000177000.11_5	0.647620536969078	3.86803118466258	21.0222299859242	4.53985254510702e-06	0.00163249734668311
ENSG00000259187.1_4	1.28516170379784	-0.303076027003465	20.944678337242	4.72739233273809e-06	0.00166902735122015
ENSG00000079459.12_3	0.475291734925014	7.27119347924062	20.6786380064152	5.43186342049154e-06	0.0018816096340253
ENSG00000233290.1_4	-3.288478184914	-1.92975529116103	20.6466702653913	5.52331595115059e-06	0.0018816096340253
ENSG00000281468.1_4	-1.29575398397508	-0.996617100775654	20.4652194065404	6.07247500737119e-06	0.00203302275332989
ENSG00000107882.11_2	0.465928630530822	2.62673545862683	20.4014673819448	6.27816374228874e-06	0.00206626073809767
ENSG00000260465.1_4	-0.649154587115768	2.51774131883186	20.3660647968987	6.39539151882563e-06	0.00206976187520927
ENSG00000125834.12_2	0.449279056014887	4.21536434262063	20.3031898337764	6.60903087276388e-06	0.00209713564540629
ENSG00000139641.12_3	0.477127517495846	6.22583982414921	20.2781844344501	6.69597332450253e-06	0.00209713564540629
ENSG00000226549.3_2	1.05392629648808	2.63245263408325	20.1277108011811	7.24395001989689e-06	0.00223274637279933
ENSG00000183864.4_3	0.535755106542127	4.54748501589133	20.031714781242	7.61683635077051e-06	0.00228669270165115
ENSG00000160007.18_3	0.494085651726688	5.09071518342697	20.0112696217031	7.69870971783936e-06	0.00228669270165115
ENSG00000112078.13_2	0.357598871653293	6.12020444279614	19.9930884758509	7.77225864192893e-06	0.00228669270165115
ENSG00000169612.3_3	-0.596090265890464	0.958554697906228	19.8444568057119	8.40059810770203e-06	0.00243333846581657
ENSG00000003147.17_3	1.29976840615862	0.884954815960785	19.8171824332407	8.52132123161636e-06	0.00243333846581657
ENSG00000166428.12_2	2.0415799283485	1.59285076744152	19.6891444194223	9.11175062209177e-06	0.00248407664152508
ENSG00000179981.10_4	0.558933331811116	3.04974114373518	19.6857433991792	9.12798181904319e-06	0.00248407664152508
ENSG00000225450.1_5	0.578182560723679	1.15708318372621	19.6819256468142	9.14623643426384e-06	0.00248407664152508
ENSG00000256537.4_2	-0.548497885577466	3.56567515636432	19.6685031865693	9.21070749767258e-06	0.00248407664152508
ENSG00000125637.15_3	0.430222411054157	6.57838047508469	19.5845604630354	9.62438269072699e-06	0.00256008579573338
ENSG00000184227.7_2	0.900230928793126	0.356101612597439	19.4111602649728	1.05389393859396e-05	0.00274787756752834
ENSG00000241095.1_3	0.65626427614667	2.16624951344956	19.3839830783891	1.06899875399574e-05	0.00274787756752834
ENSG00000140993.10_2	-0.787262504332466	1.46805615449549	19.3675867635184	1.07821660698984e-05	0.00274787756752834
ENSG00000234883.5_3	-0.975109059925716	7.51287754830582	19.3376602097392	1.0952473093012e-05	0.00274787756752834
ENSG00000125354.22_3	0.426721562374259	7.58556990980876	19.3228198843887	1.10379261647549e-05	0.00274787756752834
ENSG00000114982.17_3	0.326057083589474	4.49784494945899	19.1857903173634	1.18592901388177e-05	0.00291498349260205
ENSG00000072954.6_2	0.758097635047027	3.54365930759105	19.0326706673421	1.28499412886296e-05	0.00311900199928262
ENSG00000196369.6	0.979186136938765	-0.103153221836821	18.8344822540558	1.42566236450838e-05	0.00341771750543502
ENSG00000126266.3_2	1.4734791655229	-0.560609629628034	18.6701915856944	1.55392885233476e-05	0.00367977932373614
ENSG00000185989.10_3	0.666331317649954	4.11620347517525	18.486272711221	1.71132465180536e-05	0.00400367495045259
ENSG00000213390.10_4	0.425001696069325	4.55136474993319	18.4561255063451	1.73861092623123e-05	0.00401908892447119
ENSG00000110721.11_2	-0.500112309863387	4.07809315906029	18.3690886264162	1.81986538647955e-05	0.00415742894996
ENSG00000259468.1_4	1.20916476427855	-0.340698623508505	18.3012216723197	1.88586191193599e-05	0.0042581007681364
ENSG00000099942.12_2	0.363502979772225	6.01073833089818	18.2701047549042	1.91692001005526e-05	0.00427847732819
ENSG00000148730.6_2	0.42240403039178	6.28542345896414	18.236698964289	1.95083484502627e-05	0.00430469443417274
ENSG00000225630.1_3	-1.05167378148681	9.74633792126737	18.0127257801755	2.1943316495454e-05	0.0047875878618958
ENSG00000117713.19_4	0.517281058951894	6.26581218584989	17.9065150689362	2.32025462335488e-05	0.00491612338706002
ENSG00000257151.1_4	-1.18223766504986	1.36175374497264	17.8494719991024	2.39085598919319e-05	0.00491612338706002
ENSG00000136003.15_2	-0.560285103438864	5.65640479064037	17.8492237257053	2.39116794454086e-05	0.00491612338706002
ENSG00000131149.18_3	0.401394484549205	4.97257022519821	17.84715839581	2.3937646157992e-05	0.00491612338706002
ENSG00000263264.1_5	1.37992712486213	-0.057549881672122	17.8451518507897	2.39629009220867e-05	0.00491612338706002
ENSG00000172893.15_3	0.59452932082281	5.44935983692114	17.8381304723559	2.40514842811155e-05	0.00491612338706002
ENSG00000165671.20_4	0.503322036963173	5.53923433529502	17.8100441054822	2.44091312968773e-05	0.00493725532836212
ENSG00000167984.17_3	0.441869402733697	3.78706026406121	17.7448357145965	2.52602271896964e-05	0.0050567329027786
ENSG00000189362.11_3	0.424686146557977	2.74654657778293	17.6943010537051	2.59402608873015e-05	0.00513987740724102
ENSG00000121964.14_3	-0.525678268451677	3.29696630487903	17.5757334702496	2.76089067247847e-05	0.00541525000789768
ENSG00000180357.9_3	0.663468969820591	5.29943178474424	17.5060595438892	2.86393447022135e-05	0.00556118795427582
ENSG00000132359.14_4	1.91540926890613	-0.998586624168599	17.4328565092305	2.97636443624087e-05	0.00566558955481799
ENSG00000131013.3_2	-0.508165165175654	3.53302218554183	17.4081294450827	3.01533561354411e-05	0.00566558955481799
ENSG00000052802.12_3	0.500157576211558	5.71725906637055	17.387052461401	3.04895868265169e-05	0.00566558955481799
ENSG00000263859.1_4	-1.53800050898794	0.0958948498530496	17.3833934237584	3.05483403185081e-05	0.00566558955481799
ENSG00000251022.6_5	-0.803710215010719	3.79557164472772	17.3779567076771	3.06358483497728e-05	0.00566558955481799
ENSG00000197746.13_3	0.606057588001929	7.28683192963551	17.3547562366648	3.10121177130328e-05	0.00568106888444973
ENSG00000163125.15_4	0.478426544190528	4.5437991857325	17.3188852256266	3.16030431924317e-05	0.0057283609790849
ENSG00000130517.13_3	0.526707473764447	4.75383373368449	17.2887171523524	3.21087733241614e-05	0.0057283609790849
ENSG00000070614.14_3	0.585106823765536	4.50321898563493	17.2842486125703	3.21843713426488e-05	0.0057283609790849
ENSG00000228393.3_4	-1.28175718014747	-0.921388357085293	17.2686138276608	3.24502887887187e-05	0.0057283609790849
ENSG00000184992.10_2	0.477631314120629	5.84009095931182	17.2460960924033	3.28371571605274e-05	0.00574443169137946
ENSG00000164091.11_2	0.340263581894061	5.83519138381042	17.2148876152228	3.33810145102236e-05	0.00578743339071002
ENSG00000186517.13_3	0.32017647252739	6.95011055564508	17.1327143509886	3.48567152906345e-05	0.00594903462826205
ENSG00000173120.14_2	0.420961376948469	5.99693804123184	17.1289514641884	3.49258393048653e-05	0.00594903462826205
ENSG00000133561.15_2	1.20534922292591	4.06330747798203	17.0760653201537	3.59120593262009e-05	0.00605305991349732
ENSG00000112972.14_3	0.53471996992088	6.38842215537839	17.0629989256872	3.61600036031357e-05	0.00605305991349732
ENSG00000116690.12_4	-0.767905399199639	1.48082272077727	17.0228016332716	3.69336180744516e-05	0.00612971791256154
ENSG00000122481.16_3	-0.767674213960065	0.28413316326007	16.9966892650709	3.74450544401143e-05	0.00614599151484965
ENSG00000007264.14_4	2.18028165933551	-1.2168797162271	16.985585102759	3.76646920520707e-05	0.00614599151484965
ENSG00000081760.16_3	0.42136595218568	4.61374133606908	16.8914274188639	3.95799339755247e-05	0.00640469298280616
ENSG00000090470.14_4	0.268515159537943	4.15326316431903	16.8663004485755	4.01073861378401e-05	0.00643640681012049
ENSG00000068831.18_3	1.42227887782252	0.961455411651229	16.8297176701238	4.08879718780712e-05	0.00650789047482285
ENSG00000171456.17_4	0.44729168909198	5.72203705924828	16.802398186723	4.14808476214415e-05	0.00654857804157033
ENSG00000182552.14_2	-0.567417308439545	2.18158671315708	16.7000415609528	4.37800393558345e-05	0.00682050524673369
ENSG00000272054.1_5	-0.650557252696604	2.76403601869831	16.6945991177074	4.39058170687873e-05	0.00682050524673369
ENSG00000198911.11_3	0.411133738137282	7.4048422524314	16.65527609484	4.48254532903302e-05	0.006908100412632
ENSG00000272335.1_4	-0.674324784947236	1.44559574518935	16.6225057269241	4.56066230755152e-05	0.00697314493606578
ENSG00000158161.15_4	0.456466307150024	4.7012416236112	16.5857303324706	4.64995748460854e-05	0.0070526575144137
ENSG00000185567.6_2	1.94883869152067	-2.39503118269572	16.5709996822878	4.686216501386e-05	0.0070526575144137
ENSG00000125447.16_3	0.347265798399065	4.88779199940159	16.5567240541259	4.72162672197848e-05	0.0070526575144137
ENSG00000214413.7_3	-0.653179460224521	4.16828346103568	16.5207361850843	4.81209204422311e-05	0.00712588605427185
ENSG00000121060.16_3	0.389262111965961	6.32644894052971	16.4882106692495	4.89535234449709e-05	0.00712588605427185
ENSG00000142347.17_4	1.65659284968506	1.56672529413253	16.4852330433378	4.90304660573194e-05	0.00712588605427185
ENSG00000162441.11_2	0.578831805574696	3.00995443639928	16.4715119579487	4.93865965950367e-05	0.00712588605427185
ENSG00000162664.16_2	-0.499047041274998	4.16667540692673	16.4425765814267	5.01461631218683e-05	0.00712588605427185
ENSG00000138759.18_3	2.6747716546657	-2.91813575505051	16.4274483974742	5.05479496761441e-05	0.00712588605427185
ENSG00000197549.9_3	2.46313168281803	0.864028034822949	16.4266394690118	5.05695247956128e-05	0.00712588605427185
ENSG00000011376.10_4	0.485856195253522	4.4547548764718	16.4239132419153	5.06423048454792e-05	0.00712588605427185
ENSG00000116199.11_2	0.382847848702987	4.34905803607228	16.3694436534973	5.21187181252049e-05	0.00728087243564913
ENSG00000120832.9_4	-0.615344183547726	2.16084514495092	16.3194475836362	5.35119467298545e-05	0.00737470737872614
ENSG00000100888.13_4	0.401231347348293	5.68271403191043	16.3115151067219	5.37364163135073e-05	0.00737470737872614
ENSG00000146242.8_2	2.03054197276739	-0.119855243973314	16.2913325243306	5.43118124150198e-05	0.00737470737872614
ENSG00000260966.1_4	-1.4851170369589	-0.655158874489534	16.2862159217657	5.44586662531177e-05	0.00737470737872614
ENSG00000272077.1_4	-1.24508666551545	-0.569095730376283	16.2782063969562	5.46893533080937e-05	0.00737470737872614
ENSG00000126882.12_2	0.432894140729348	4.28712249924854	16.2179915276209	5.64553963507172e-05	0.00756035094026363
ENSG00000180884.9_2	0.565692911919637	1.22552433350082	16.1555995137879	5.83458264777129e-05	0.00773869661400628
ENSG00000234629.1_3	0.633931287319061	1.44253879132561	16.1478762522494	5.85842209423691e-05	0.00773869661400628
ENSG00000126010.5_2	1.68517917098935	-1.64007028317854	16.0960989124276	6.02079335350126e-05	0.00785592832643997
ENSG00000280120.1_5	-0.831986223832727	0.517479017936648	16.0754029830536	6.08695405379218e-05	0.00785592832643997
ENSG00000254635.5_4	-0.603961876927411	3.03394039506458	16.0570068173707	6.14637648275658e-05	0.00785592832643997
ENSG00000115392.11_4	-0.506806425658132	4.81703987073722	16.0529888533899	6.15943255603308e-05	0.00785592832643997
ENSG00000211650.2_2	3.68542297633317	1.97752555487405	16.0444673243715	6.18721501180141e-05	0.00785592832643997
ENSG00000204569.9_3	0.3352440721537	5.16064158390305	16.0280878120498	6.24097104341706e-05	0.00785592832643997
ENSG00000100422.13_2	0.472420987661963	4.82233339106449	16.0204904027262	6.26606425994894e-05	0.00785592832643997
ENSG00000100764.13_3	-0.43806203720972	2.35368950206533	16.0190523163733	6.2708254742929e-05	0.00785592832643997
ENSG00000171603.16_2	0.462175311899995	5.63795806468211	15.9879924677848	6.37455104595478e-05	0.00793468155194551
ENSG00000131504.16_3	0.415182412763081	6.81763668364382	15.9656918259381	6.45008762688405e-05	0.00797756697699582
ENSG00000006607.13_3	0.417971594422941	4.646794975989	15.9362409886429	6.55122468768709e-05	0.00805076894351116
ENSG00000094916.15_4	0.472888110294745	7.26122934717584	15.9174917453922	6.6164408684201e-05	0.00805076894351116
ENSG00000152127.8_2	0.680269485704253	5.90368024038801	15.9081615421009	6.64913739002929e-05	0.00805076894351116
ENSG00000234062.7_5	-1.28452681785722	-1.25036393451299	15.8854915608508	6.72926028421464e-05	0.00805076894351116
ENSG00000140534.13_3	0.505002256624165	3.90807217595894	15.877699874044	6.7570222430271e-05	0.00805076894351116
ENSG00000177885.13_3	0.33607881413207	6.60212922891085	15.8691035753768	6.78778473755749e-05	0.00805076894351116
ENSG00000175106.16_4	-0.714949694688214	1.3238321133599	15.8658413026842	6.79949586330122e-05	0.00805076894351116
ENSG00000188511.12_3	-0.788113528372268	1.89311836123158	15.830450803261	6.92785677230916e-05	0.00810926060444442
ENSG00000280852.2_4	0.541543169850981	2.35460206556519	15.8292049223825	6.93241971540722e-05	0.00810926060444442
ENSG00000270864.1_2	2.35456157020216	0.613044306328803	15.8036535926138	7.02666914678495e-05	0.00817029110732156
ENSG00000081189.15_4	0.469472761723609	6.69073767638304	15.7535010167048	7.215428212539e-05	0.00833983244232633
ENSG00000085185.15_4	0.754828369518104	1.90912874273862	15.7135758249894	7.36933494938032e-05	0.00841368342637138
ENSG00000233588.1_3	0.575814139864223	3.35441558024076	15.7033883675409	7.40913244569102e-05	0.00841368342637138
ENSG00000104427.11_2	-0.860193642383788	2.36384937281698	15.7033429743413	7.40931025805699e-05	0.00841368342637138
ENSG00000011021.21_3	0.469557604207299	3.66286893685725	15.6524752675036	7.61128952257399e-05	0.00859279185751987
ENSG00000013523.9_3	0.373469156578814	3.45600835435268	15.6124593497421	7.77406545712683e-05	0.00869052810528177
ENSG00000172840.6_3	0.534880541599844	3.39233991236154	15.6092255071994	7.78737197609964e-05	0.00869052810528177
ENSG00000164010.14_5	0.383018697715412	2.03152138780486	15.5330592444452	8.1074912395372e-05	0.00895719930890652
ENSG00000204516.9_3	0.463617305108798	3.74051775828258	15.5304739597365	8.11858625176407e-05	0.00895719930890652
ENSG00000181035.13_2	0.535771664772302	3.25390119596072	15.519107203749	8.16754935705758e-05	0.00896030923250532
ENSG00000168038.10_3	0.905071425330321	0.688038177568443	15.4970143590039	8.26356740410098e-05	0.00900677126184068
ENSG00000169375.15_4	0.30060064414248	5.30967692895494	15.4800212677379	8.33819339446422e-05	0.00900677126184068
ENSG00000196268.11_3	-0.810748397299654	2.14375883914833	15.477561519021	8.34905153533485e-05	0.00900677126184068
ENSG00000110514.19_3	0.321105593864604	4.74677847853391	15.4647101610251	8.40601342378231e-05	0.00901811981563562
ENSG00000088305.18_3	0.93365445927568	-0.687117706787378	15.4382863374561	8.52436493889375e-05	0.00909484166941972
ENSG00000116133.11_2	0.537928711673005	6.75655194388118	15.4206597187898	8.60424486164257e-05	0.009129903099638
ENSG00000280634.1_4	0.748844825374334	3.87548420440919	15.4064956521183	8.66897871647709e-05	0.00914859938676914
ENSG00000137942.16_2	1.78170543447831	-2.94811496042463	15.3902351300877	8.7438984193494e-05	0.00917778483821225
ENSG00000149485.18_3	0.542408252792962	5.88536931447585	15.345174698988	8.95493448292315e-05	0.00934875902093557
ENSG00000087152.15_2	0.379182993551831	4.88351985906953	15.316848159229	9.09021507813914e-05	0.00940149461819042
ENSG00000085231.13_3	-0.542779620503343	3.69071773391872	15.3143422323976	9.10228132773612e-05	0.00940149461819042
ENSG00000260257.2_4	-1.3965343739946	0.695075130821422	15.2541385999851	9.39706196092138e-05	0.00965329006319452
ENSG00000162139.9_2	0.56334355847482	3.95145240080576	15.2439181013308	9.44805104049206e-05	0.00965329006319452
ENSG00000211647.1_2	3.6551803069069	-2.21537421212458	15.232489126678	9.50539890539095e-05	0.00965329006319452
ENSG00000106993.11_2	-0.427201337364754	2.74434028671189	15.2246540898753	9.54491550176819e-05	0.00965329006319452
ENSG00000101290.13_3	0.34206056404768	4.92634438788153	15.1808072007653	9.7691317035295e-05	0.00982886007353035
ENSG00000143119.12_2	0.464675617889548	7.68936544386771	15.1343378480651	0.000100125470713392	0.00993328921788307
ENSG00000196092.12_3	0.487598938120324	6.92876352846656	15.1272075614136	0.000100504332862922	0.00993328921788307
ENSG00000100650.15_3	-0.477798534093636	6.72593065867026	15.1227463007271	0.000100742111810062	0.00993328921788307
ENSG00000184203.7_3	-0.43135838402518	4.79332983608881	15.1182628413164	0.000100981644295631	0.00993328921788307
ENSG00000102572.14_4	0.347897592327824	5.90113940612898	15.1125625391313	0.000101287015405338	0.00993328921788307
ENSG00000075234.16_3	0.603760452722647	3.67734333434688	15.0689844503585	0.000103652458525499	0.0100739324429045
ENSG00000248275.1_4	-0.762875145016237	0.979527578309243	15.0670506953632	0.000103758702676944	0.0100739324429045
ENSG00000180376.16_3	-0.640779121089259	2.49582100881068	15.0317392252958	0.000105718170858174	0.0102131116503683
ENSG00000161021.12_4	0.350438273701035	4.31723865837044	14.9857274713961	0.000108327403347647	0.0104133738524981
ENSG00000258317.1_4	0.594076615288431	1.70330961701705	14.9630725301619	0.000109635835804928	0.0104776783947723
ENSG00000233175.2_5	0.509105165663734	3.27448280014792	14.9555206815513	0.000110075517176514	0.0104776783947723
ENSG00000147535.16_4	-0.627440040363531	3.92173890156553	14.9225335781449	0.000112016985074152	0.0105509805670465
ENSG00000269939.1_4	-0.919696274294407	0.473489198925396	14.9221423794066	0.000112040214825184	0.0105509805670465
ENSG00000272871.1_4	-1.34261995906029	-0.0432292089220775	14.9148238415158	0.000112475691491329	0.0105509805670465
ENSG00000270906.1_3	-0.913098183490994	3.71166444260349	14.8861441173252	0.000114198710761565	0.010661108488308
ENSG00000231721.7_4	-1.03841648658374	1.64557967174573	14.8536692185162	0.000116181835454748	0.0107943487122502
ENSG00000103111.14_4	0.289155980849282	4.91601795261759	14.8289043298179	0.000117717404606091	0.0108849360125765
ENSG00000275764.1_5	-0.772402846395351	1.36518996548661	14.7873724608664	0.000120338627039792	0.0110745756391407
ENSG00000251593.1_2	0.560174518607711	5.43624891285357	14.7120690787349	0.000125242068150412	0.0114714645252109
ENSG00000175115.11_3	0.467543428194622	6.05699510541557	14.6572202877931	0.000128939762233461	0.011717612011077
ENSG00000089335.20_3	-0.630129032118732	3.45989759533697	14.6479271038344	0.000129577074300105	0.011717612011077
ENSG00000126001.15_3	0.338031726100249	5.07065321438822	14.6430976060761	0.000129909525014912	0.011717612011077
ENSG00000177302.14_3	0.335111218813083	4.31616368490479	14.6368163426688	0.000130343196744909	0.011717612011077
ENSG00000138433.15_3	-0.610297082437786	3.84156078407977	14.611182006571	0.000132128209860888	0.0118233436823905
ENSG00000171943.7	0.843791324462863	-0.223337850416209	14.5850298215069	0.000133974648716562	0.0118539155243242
ENSG00000237286.1_4	0.672452560547256	1.94507901337773	14.5844546203061	0.000134015550659599	0.0118539155243242
ENSG00000240445.3_2	1.00719508618388	-0.739923359908863	14.5804419581885	0.000134301236757201	0.0118539155243242
ENSG00000068650.18_4	0.675141378780644	4.18379312998155	14.5588128899532	0.00013585173648194	0.0119365113982186
ENSG00000101882.9_2	-0.391505979627365	3.64286849502206	14.5415084247829	0.000137105191260892	0.011957714850633
ENSG00000159842.14_4	0.353667184041194	5.53848969089883	14.5325858802248	0.000137756042035072	0.011957714850633
ENSG00000112159.11_2	0.485186869395442	5.81380051693035	14.530065208719	0.000137940474124101	0.011957714850633
ENSG00000130559.18_2	0.344956151742418	4.27086787463607	14.5088202920619	0.000139504829943018	0.0120395768348157
ENSG00000197971.14_5	0.430681142249356	5.50568861996558	14.443387892848	0.000144436037928099	0.0124099955065833
ENSG00000114354.13_4	-0.299320614720715	5.66492080579161	14.4114754834242	0.000146904369366688	0.0125664715610676
ENSG00000165516.10_2	-0.342110108207596	4.03355570488748	14.3917841344731	0.000148448583622614	0.012642871038526
ENSG00000065802.11_2	0.274574443125427	3.98873079138884	14.373522562058	0.000149895278611702	0.012657013902926
ENSG00000251400.1_3	1.56435983362429	1.33078139446961	14.3732336282086	0.000149918281886548	0.012657013902926
ENSG00000127528.5_2	1.41507405230424	1.72213251816076	14.3418150549283	0.000152440978940617	0.0128142810782204
ENSG00000092108.20_4	-0.468978552296816	4.79422340643577	14.3049925967871	0.00015545203737011	0.0129298282040322
ENSG00000128604.19_4	-0.461711950316796	6.11589425049936	14.2897783756318	0.000156713559505191	0.0129298282040322
ENSG00000006432.15_3	0.612884889896893	3.49620827706821	14.2777120454688	0.000157721393772157	0.0129298282040322
ENSG00000119686.9_3	-0.90120734631012	1.6905891740342	14.2769997780217	0.00015778108916676	0.0129298282040322
ENSG00000111737.11_2	0.323744821449728	5.25412224003419	14.2767254069672	0.000157804090374869	0.0129298282040322
ENSG00000257386.1_4	0.506355714739849	2.3290751204398	14.2766458882978	0.000157810757253869	0.0129298282040322
ENSG00000174720.15_4	-0.562614358962805	4.85799624051362	14.2660311383231	0.00015870325327129	0.01294831836984
ENSG00000235652.7_4	-0.464393617796269	2.32914727042867	14.2425826150871	0.000160692881679802	0.0130557923701188
ENSG00000165169.10_2	-0.547485232322933	2.91680279485733	14.2324797483946	0.000161557844148551	0.0130713759069857
ENSG00000204444.10_2	0.382648212198335	1.99348542454971	14.1631942143763	0.000167617465858066	0.0135053773943233
ENSG00000150316.11_2	-0.386177505073401	4.85143078367627	14.1182398209976	0.000171671051741046	0.0137567699960066
ENSG00000198169.8_2	-0.594339516041891	2.10768808095073	14.1056960796539	0.000172819652989054	0.0137567699960066
ENSG00000237973.1_3	-0.592583972955564	12.5089567054963	14.1052253772166	0.000172862904471399	0.0137567699960066
ENSG00000238222.3_3	0.757697316366965	-0.487229793498187	14.090553609588	0.000174216530743222	0.0138079044651913
ENSG00000116128.10_3	0.542087865942409	3.4971327191626	14.07200794525	0.000175942853169554	0.0138880419627903
ENSG00000124193.14_2	-0.387885169702714	6.15081747456099	14.0014658154294	0.0001826681728118	0.0143183065999899
ENSG00000176222.8_4	-1.30988535252619	0.595658986886835	13.9959292177883	0.0001832068527882	0.0143183065999899
ENSG00000238083.7_2	-0.786523536584476	2.86592690867263	13.9859809439831	0.000184178788050848	0.0143183065999899
ENSG00000215417.12_3	-1.01275436178191	1.09815588844376	13.9843031249322	0.000184343220207924	0.0143183065999899
ENSG00000203667.9_2	-0.603052728435775	4.66543422754	13.974859632373	0.000185271477920499	0.0143330739372919
ENSG00000140199.11_4	0.581956502060349	4.98458124801261	13.9629409777318	0.00018644975865489	0.0143354153137668
ENSG00000083168.9_3	0.59881060860717	4.61378700472209	13.9596317061016	0.000186778250817952	0.0143354153137668
ENSG00000104412.7_3	-0.479359223541905	4.07241541229627	13.9300289074949	0.000189742804964688	0.0144223513764406
ENSG00000235828.5_4	-1.17490142377962	0.0967424700786399	13.9290816350624	0.000189838447669339	0.0144223513764406
ENSG00000100647.7_2	0.448257409140706	5.01975216402955	13.9214158984204	0.000190614218486637	0.0144223513764406
ENSG00000188917.14_3	0.3462256509432	3.27910653044698	13.9187783276345	0.000190881877832178	0.0144223513764406
ENSG00000240291.1_5	-0.921491375401291	0.442454184977625	13.8833654789152	0.000194512440625675	0.0146396998917417
ENSG00000263731.1_4	-1.19958996258473	0.941658038785517	13.8657812954799	0.000196340956537934	0.0147202652280062
ENSG00000117133.10_2	-0.412663170311349	4.01831389294988	13.8556068315079	0.000197406860765851	0.0147432554705819
ENSG00000155970.11_3	-2.22431716331791	-0.253818582260367	13.8205668047715	0.000201122559896438	0.0148773736411137
ENSG00000225972.1_3	-0.915070090027814	8.0464764112326	13.8180243640091	0.000201394890269815	0.0148773736411137
ENSG00000111906.17_2	-0.481371519893711	4.4141790926392	13.8139209739166	0.00020183520364793	0.0148773736411137
ENSG00000182307.12_2	0.325000759846878	4.16053310310028	13.8099028181222	0.00020226731080719	0.0148773736411137
ENSG00000167202.11_3	0.429044084960611	4.98190626141886	13.7910623641284	0.000204305851748416	0.0149276398971722
ENSG00000090889.11_2	0.427325376208632	4.04463077363859	13.7893861532444	0.000204488217769482	0.0149276398971722
ENSG00000259959.1_4	-0.631489801617951	0.838608245596147	13.7694250624947	0.000206672562985529	0.0150305911163034
ENSG00000171148.13_2	0.375777756133423	4.88254417551422	13.7131933345721	0.000212953243077129	0.0153866790616298
ENSG00000226438.1_4	1.34383546759671	-1.94976720415828	13.7025195894149	0.000214166965876226	0.0153866790616298
ENSG00000006652.13_4	-0.426373170910299	3.81107267899104	13.6992918131827	0.000214535370463883	0.0153866790616298
ENSG00000158023.9_3	-1.98104710587661	-0.783242513398213	13.6975154578959	0.000214738388387149	0.0153866790616298
ENSG00000268074.1_4	-1.06901218854619	-0.531682590584966	13.6704684501854	0.000217853586231656	0.0155525034464938
ENSG00000103642.11_3	-0.52424548821061	4.31714808627884	13.663298932005	0.000218686959318854	0.0155548109012949
ENSG00000106948.16_3	0.410314772893212	6.25588333609525	13.6522798475294	0.00021997406654251	0.0155892570223447
ENSG00000120688.8_2	-0.441724511006093	3.72757976813886	13.6317414009648	0.000222393511338202	0.0157034080115098
ENSG00000277701.4_1	-1.99075430186943	-1.20584867004952	13.6127473643685	0.00022465488389528	0.0158056106357918
ENSG00000233396.7_3	1.36923612798675	-2.039956940573	13.600796854831	0.000226089536207856	0.0158456272990071
ENSG00000138311.15_3	-2.72235635632688	-2.29222291076122	13.5944458762547	0.000226855720935419	0.0158456272990071
ENSG00000271900.1_4	-1.26577924302276	-0.295828218855535	13.5823902633111	0.000228317319756486	0.0158905581183923
ENSG00000065457.10_4	0.485444227973485	3.30355560418962	13.5368969789883	0.00023391882717232	0.0162222706644004
ENSG00000141956.13_3	0.672186167256367	3.41471300982094	13.5075304524851	0.000237608024550837	0.0163608395916
ENSG00000241547.1_3	0.697324826298916	3.03658671402772	13.4986860472285	0.00023873055863497	0.0163608395916
ENSG00000262112.1_4	0.42934676650401	3.02273292175994	13.4963744445773	0.000239024827741498	0.0163608395916
ENSG00000270681.1_4	-1.23913727050327	-1.35218271512383	13.4943159855407	0.000239287179112906	0.0163608395916
ENSG00000160539.5_3	1.91938384994037	-2.85315428601108	13.4851947709587	0.000240453177577218	0.01636188066995
ENSG00000135476.11_3	0.420937093716029	4.88942089891538	13.4810287878298	0.000240987633721582	0.01636188066995
ENSG00000119638.12_3	0.316850858313282	5.86324043624028	13.4547430707494	0.000244387560397111	0.0165227162254734
ENSG00000249786.7_5	0.441222637743779	2.33097117581758	13.4403261361766	0.000246272805047491	0.0165227162254734
ENSG00000284707.1_1	-1.44959884910241	-1.40322650287909	13.4397936099201	0.000246342721369149	0.0165227162254734
ENSG00000185055.10_4	-0.494019256383053	1.99239959512764	13.4366177269084	0.000246760104304629	0.0165227162254734
ENSG00000167548.14_4	0.76172037678938	5.35768330422125	13.4292596584352	0.000247729861665973	0.0165306476076627
ENSG00000198771.10_2	0.329983876121513	6.11643051320013	13.4136689643447	0.000249797349214195	0.016611523722744
ENSG00000168803.15_3	-0.426709994876701	2.45762087828621	13.3896942543702	0.000253010629622987	0.0167677829556968
ENSG00000104549.11_2	0.376579135693077	5.77655921773142	13.3490737537369	0.000258550294533566	0.0170766313580027
ENSG00000229344.1_3	-0.775078742542406	10.7029536247597	13.3293493773117	0.000261284161222145	0.0171986977715648
ENSG00000211943.2_2	2.52198871689456	4.22359911341821	13.3190534294895	0.000262722770283556	0.0172349687613719
ENSG00000268713.1_4	-0.959178248417845	0.167657316307085	13.3086129599617	0.000264189725889265	0.0172452865911634
ENSG00000144061.12_5	-0.96608043824133	-0.790989832589564	13.3053047797396	0.000264656267595359	0.0172452865911634
ENSG00000010292.12_3	0.399042955782471	7.21461048287337	13.2771077739742	0.000268666654625082	0.0173707552229141
ENSG00000269601.1	0.993998967280822	-0.917776263708524	13.27595436891	0.000268831998277564	0.0173707552229141
ENSG00000135966.12_2	0.306761167978595	4.83077011234355	13.2729337934008	0.000269265491919721	0.0173707552229141
ENSG00000066322.14_3	0.314533875249895	4.69093491631006	13.2505402982953	0.00027250131509727	0.0175212931674132
ENSG00000165525.17_2	-0.474135949606162	4.62227654879445	13.2377407274989	0.000274368407782038	0.0175831212617545
ENSG00000101346.13_3	0.295038561471587	4.63366451488085	13.2242877328291	0.000276344718332658	0.0176167626808885
ENSG00000085760.14_2	-0.394351311379759	4.73555304986464	13.2133484436945	0.000277962327539525	0.0176167626808885
ENSG00000113356.11_3	-0.60530872956275	3.22961667820335	13.2098298036172	0.000278484660365718	0.0176167626808885
ENSG00000166130.14_3	-0.456602722158683	4.08459276595563	13.2095764630635	0.000278522306263919	0.0176167626808885
ENSG00000181227.3_3	0.360371973503556	3.15975839311243	13.1788072523815	0.000283132908657212	0.0178502429230706
ENSG00000273261.1_4	-0.722903283993349	1.17899912578427	13.1609055741019	0.000285850705594502	0.0179561330545524
ENSG00000196367.13_4	0.469855989787018	5.89787248771705	13.1555954504459	0.000286661924343972	0.0179561330545524
ENSG00000147065.16_3	0.326292571094249	8.46987532508422	13.1441264311548	0.000288421955852173	0.0179932966004066
ENSG00000253140.1_4	-1.61217111791707	0.425478691493715	13.1340817753917	0.000289972351626559	0.0179932966004066
ENSG00000100596.6_3	0.494530411981837	5.09503317091385	13.1310495840611	0.000290442020221523	0.0179932966004066
ENSG00000175536.6_2	0.675602719322376	-0.203803098215723	13.1276999955402	0.000290961743358105	0.0179932966004066
ENSG00000171121.16_4	-0.580992063844686	2.45264934327643	13.0860205684588	0.000297507699917308	0.0183396968793469
ENSG00000196914.8_2	0.618356180689093	4.81456508348416	13.0725455351247	0.000299655622766032	0.0183586903057544
ENSG00000253251.2_5	-0.752633637011641	0.294212941529525	13.0722262471414	0.000299706706505518	0.0183586903057544
ENSG00000148690.11_2	-0.506040307560215	3.64274649864683	13.0088550182984	0.00031002144570132	0.0189308063919127
ENSG00000273489.1_4	-0.494095612968726	3.13282217588155	12.9637382760472	0.000317582414440449	0.0193317094783844
ENSG00000200534.1	-1.08396933857338	-0.946163587747149	12.9518765828361	0.000319600964881958	0.0193937860502433
ENSG00000185033.14_3	0.656396368360461	3.29479236020947	12.9344655160059	0.000322587329478351	0.0195140210710611
ENSG00000086015.20_2	0.411519596176983	4.38015709285171	12.907886443168	0.000327200557343397	0.0197316162189257
ENSG00000102390.10_3	-0.411055601474614	3.73521965189772	12.8876482191286	0.000330757794166094	0.0198843803316322
ENSG00000173757.9_3	0.281710565431921	5.9256201265756	12.872449594612	0.000333454848764993	0.0199846489299958
ENSG00000049449.9_4	-0.523943362746379	4.09665279140641	12.8611701071492	0.000335470764648612	0.0200436040244516
ENSG00000260719.1_4	1.26092003839844	-1.01247166265106	12.8173268432058	0.000343424039084907	0.0203739085437403
ENSG00000065970.8_2	0.39021812463438	3.44770101302917	12.8163388510325	0.000343605437431597	0.0203739085437403
ENSG00000100393.12_3	0.609673618155464	5.37869584276572	12.8133935827932	0.00034414677115804	0.0203739085437403
ENSG00000077044.10_3	0.698355776881348	5.48998807959013	12.7962139280195	0.00034732153771296	0.0204419504976436
ENSG00000107185.9_2	0.362391006138049	3.96470813706933	12.7906537199722	0.000348355367048516	0.0204419504976436
ENSG00000214013.9_3	0.309960956275457	3.93483759307668	12.7901225002822	0.000348454300891958	0.0204419504976436
ENSG00000132405.18_4	0.297964025118394	4.71006512076929	12.7724873198165	0.000351754794775891	0.020573417484814
ENSG00000111913.18_5	0.653625341424154	4.60783516673402	12.7616437269779	0.000353799851204489	0.0205960900601456
ENSG00000134779.14_3	0.380612783349312	5.12918739265914	12.7591926142415	0.000354263780002504	0.0205960900601456
ENSG00000101400.5_2	0.888347077176677	-0.035034746274746	12.7425560347417	0.000357428887139338	0.0207180720312587
ENSG00000162545.5_2	-2.90305501400935	-1.93454528203569	12.7086110147959	0.000363975671823657	0.0210226233672457
ENSG00000134697.12_4	-0.445223041256422	5.29464301640535	12.7041330778476	0.00036484828894643	0.0210226233672457
ENSG00000215268.3	0.440239957547916	0.660962725981101	12.6843946852873	0.000368719936202913	0.0211828512461188
ENSG00000154258.16_3	-1.44041352803997	-0.946840306599083	12.6738380652304	0.000370807577683152	0.021239945555904
ENSG00000120370.12_4	-0.566173203252829	2.71575127020264	12.6670074997087	0.000372164715878956	0.0212451181301266
ENSG00000004139.13_3	0.353548837246221	4.08614014605808	12.6623845732345	0.000373086068718364	0.0212451181301266
ENSG00000144218.18_3	2.41811353786364	-0.391318372986743	12.6393843807139	0.00037770433796367	0.0214452129666039
ENSG00000136541.14_2	-1.26735404231085	1.34102552114545	12.620178650293	0.000381604859947817	0.0215424944815443
ENSG00000109270.12_2	-0.343137738643425	4.07643505437994	12.617863573472	0.000382077768371223	0.0215424944815443
ENSG00000225544.1_4	0.557018884352278	0.233236307088487	12.6145975437064	0.000382745936560552	0.0215424944815443
ENSG00000261188.1_4	-0.717487387760655	0.504163276522591	12.5981711326118	0.000386124385359303	0.0216374791688336
ENSG00000251333.3_3	0.358737162380571	2.7219124489312	12.5955699292792	0.000386662131609087	0.0216374791688336
ENSG00000185088.13_2	-0.548832643953052	5.64766113723254	12.5146069291782	0.000403782728433983	0.0225306121285376
ENSG00000229835.2_3	0.508220170741986	2.54401768715911	12.5059455365983	0.000405658987364522	0.0225704476121613
ENSG00000184277.12_3	-0.433967903636866	4.21745061441783	12.491468262652	0.000408814760070968	0.0226810428887373
ENSG00000079134.11_3	-0.476144771368286	4.10028894852693	12.48407066001	0.000410436847419709	0.0227061615475667
ENSG00000271533.1_5	-0.944804357961768	1.10619067631941	12.4663832345103	0.000414341577513342	0.0227596360695762
ENSG00000227225.1_2	-1.29164845421257	-1.11821683987948	12.4651538469212	0.000414614369823715	0.0227596360695762
ENSG00000262454.3_3	-0.839213600833321	2.55640536436951	12.4637786884531	0.00041491972235194	0.0227596360695762
ENSG00000255353.1_4	-2.47538549442681	-2.05903532890672	12.4558572001715	0.000416683103717553	0.0227919788957393
ENSG00000100207.18_5	0.428904327198222	4.99517497830632	12.4255924746753	0.000423490166857642	0.0230449456015365
ENSG00000237868.1_2	0.569512266106861	-0.122182429453244	12.4247493070376	0.000423681407959035	0.0230449456015365
ENSG00000231769.2_4	-1.58912141300706	-1.8015242631618	12.4128017956922	0.000426400638590059	0.0230959758262799
ENSG00000164483.16_4	2.23666208622048	-3.49843709593869	12.41018562533	0.000426998420106834	0.0230959758262799
ENSG00000240103.2_4	-0.769186806343587	2.15148125367918	12.3941487713518	0.000430681282011107	0.0232304698169213
ENSG00000240563.1_2	-6.84019556925663	0.0774724945668421	12.3666671745228	0.000437067109086409	0.0235096097624374
ENSG00000278540.4_4	0.465208005923818	5.01735112910205	12.3571140464893	0.000439309251864777	0.0235338820279036
ENSG00000166377.20_4	0.332241583209241	2.912917144314	12.3544258032248	0.000439942279129107	0.0235338820279036
ENSG00000130227.16_3	0.28484105209872	5.47447533824867	12.3410632530514	0.000443102576102607	0.0236378181943968
ENSG00000197841.14_3	-0.495658360163162	2.02573610176945	12.3313486288637	0.00044541449548268	0.0236586615842748
ENSG00000166716.9_3	0.379627710242904	4.30536782357554	12.3283674608101	0.000446126401851078	0.0236586615842748
ENSG00000249072.1_4	1.63170155542385	1.40723314740414	12.3184926034354	0.000448492739898362	0.0236586615842748
ENSG00000028116.16_3	-0.447481422474459	5.10009031617518	12.314719024707	0.000449400353646033	0.0236586615842748
ENSG00000153815.16_4	0.434164510879347	4.45361406855991	12.3139512810697	0.000449585236615377	0.0236586615842748
ENSG00000227695.5_4	1.1115126802672	0.721093469766748	12.2885476903623	0.000455746242524819	0.0239180555063431
ENSG00000248930.1_4	0.725469228582731	-1.01430938958569	12.2758995842359	0.000458845423566591	0.023963283705466
ENSG00000173473.10_3	0.368679446071891	6.69326191565156	12.2746106415294	0.000459162446474345	0.023963283705466
ENSG00000262714.1_4	-1.86083334713137	-1.4119824459736	12.2699513538083	0.00046031026996286	0.023963283705466
ENSG00000266969.1_4	-0.575371081076089	1.52769609084835	12.2592593741479	0.000462955215879735	0.0240365357806222
ENSG00000169926.10_3	0.346117260795303	6.5008661256179	12.2526433128816	0.000464599550818622	0.024057584207456
ENSG00000254996.5_3	-0.789201248720355	-0.596048428234657	12.246279412038	0.0004661867756631	0.0240755713027289
ENSG00000173064.12_4	0.513110575278925	4.8899802911953	12.2118807635865	0.000474861384208775	0.0243366751661889
ENSG00000005801.16_4	-0.45014947365447	3.79099326945207	12.2113893616674	0.000474986478400521	0.0243366751661889
ENSG00000152904.11_4	-0.433419378499289	2.1991722407845	12.2113261625298	0.000475002569161891	0.0243366751661889
ENSG00000135205.14_5	-1.03451383903043	0.303821747501548	12.2042331688351	0.000476811974617339	0.024365091902946
ENSG00000081307.12_4	-0.355988725620256	4.88659718713757	12.1840573954912	0.000481996890924998	0.0245653953490331
ENSG00000184068.2_4	0.481414637597743	2.744900510834	12.1718530028106	0.000485160847241779	0.0245661603119621
ENSG00000126524.9_2	-0.368000302475966	3.88729479472897	12.1686872821581	0.000485984970207537	0.0245661603119621
ENSG00000223901.2_4	0.595154392839193	0.945776086961168	12.1624034618254	0.000487625007158372	0.0245661603119621
ENSG00000152795.17_4	-0.352275697924552	6.91511150576937	12.1567720548119	0.000489099514008902	0.0245661603119621
ENSG00000005175.9_3	-0.4791710540748	4.20585123860031	12.1552712495567	0.000489493238222678	0.0245661603119621
ENSG00000156599.10_2	0.365114540902764	5.35781300666867	12.1518136735571	0.000490401523365258	0.0245661603119621
ENSG00000120686.11_2	-0.470534564295693	5.24296379791861	12.150041349208	0.000490867761924054	0.0245661603119621
ENSG00000266479.1_4	-0.907141651754066	0.444530239966029	12.1300213684306	0.000496165514262422	0.0246240069754313
ENSG00000165935.9_4	-1.09188998015217	-0.916075660235268	12.1284515382821	0.000496583359813529	0.0246240069754313
ENSG00000280385.1_1	-0.787552776934202	1.29502090788324	12.1274972034522	0.000496837551028439	0.0246240069754313
ENSG00000133056.13_3	0.47501578322462	4.859639415621	12.1235325855848	0.000497894950976675	0.0246240069754313
ENSG00000275066.4_5	0.354486718348497	5.27566766551271	12.1179964066677	0.00049937530221806	0.0246240069754313
ENSG00000135622.12_2	0.667871503386555	1.00643449863288	12.1168290556339	0.000499688013718233	0.0246240069754313
ENSG00000156976.16_3	-0.383374537366223	7.34656787687329	12.1123104142921	0.000500900337588596	0.0246240069754313
ENSG00000160766.14_2	0.53703320801902	1.43382383059494	12.1038537890096	0.000503177181383562	0.0246734709800657
ENSG00000120805.13_3	-0.301676347778802	4.9481271916417	12.0827172980555	0.000508913715848159	0.0248253052296731
ENSG00000271270.5_4	-0.579420447616499	1.64528655451973	12.0788968169624	0.000509957633650354	0.0248253052296731
ENSG00000156381.8_3	0.833536689315085	0.730866606372893	12.0724552396584	0.000511722643172844	0.0248253052296731
ENSG00000241127.7_3	-0.473539389218983	1.37335438096326	12.0703942132616	0.000512288671027528	0.0248253052296731
ENSG00000205100.2_3	-0.759241782830443	2.54862154902011	12.0644304961415	0.000513930072871581	0.0248253052296731
ENSG00000249180.1_4	0.457582254716032	1.85143521714999	12.0643784618682	0.000513944417670646	0.0248253052296731
ENSG00000181359.5_4	-0.949767836763068	1.52843961959466	12.0585429273254	0.000515555723684901	0.0248413425372541
ENSG00000167216.16_5	-0.955254837814751	0.29877700953146	12.0239865153643	0.000525202487726765	0.0252435195709859
ENSG00000223396.3_5	0.383835107328704	1.55041960797533	12.002362089829	0.000531331642839759	0.0254750563966974
ENSG00000164548.10_2	-0.361337785815687	5.55712975854197	11.9840606432454	0.00053657533009732	0.0256186530248077
ENSG00000138193.15_3	-0.755689168687758	1.04106911411179	11.9822704029852	0.00053709106235037	0.0256186530248077
ENSG00000182195.7_2	-4.55152476052897	-2.35352204120935	11.9781339582611	0.000538284603672961	0.0256186530248077
ENSG00000060138.12_2	-0.385165406723357	6.25363585672979	11.9718750088779	0.000540095671390908	0.025641999381586
ENSG00000171475.13_3	0.325231323864438	4.61084284635626	11.9469933631084	0.000547356380591702	0.0259039506073562
ENSG00000188738.14_3	-1.77967968256498	-2.15428569679912	11.9438481709935	0.000548281166939097	0.0259039506073562
ENSG00000182378.13_5_PAR_Y	0.768871656842917	4.86532702624716	11.9240377893089	0.000554142416972785	0.0261173239145086
ENSG00000148358.19_3	0.286876318237579	4.39869730104977	11.9114092654719	0.000557911763596723	0.0262313090206324
ENSG00000198000.11_4	-0.445740130644583	4.78939898273716	11.8504995293295	0.000576458803987268	0.0269757011335387
ENSG00000138326.19_3	-0.498021289970478	8.90757367001416	11.8502934311544	0.000576522606366184	0.0269757011335387
ENSG00000138382.14_4	-0.390506523836924	4.82581647104211	11.8072490844793	0.000590005444040567	0.0275402060393743
ENSG00000272034.1	-1.06435338882268	-1.12778376491689	11.8024030469753	0.000591543179952443	0.0275457685091524
ENSG00000171940.13_3	0.462787105617792	5.58463174553446	11.793059952665	0.000594519346084315	0.0276181259862804
ENSG00000078043.15_4	-0.382215937237727	4.3225659711977	11.7775118386818	0.000599505626599874	0.0277352076528525
ENSG00000119698.11_2	2.55976211393799	-1.06660444429977	11.776299033171	0.000599896344329904	0.0277352076528525
ENSG00000105821.14_2	-0.517729997046367	4.2917527200036	11.7714278723968	0.000601468230873266	0.0277418292330097
ENSG00000164904.17_4	1.44331881086379	1.21645502681255	11.7479302829188	0.000609109346182344	0.0278429776666117
ENSG00000125351.11_4	-0.470097306574886	3.98923197616407	11.747613027643	0.000609213181469637	0.0278429776666117
ENSG00000241343.9_4	-0.836989251090742	1.81090438694741	11.7463651513693	0.000609621775529551	0.0278429776666117
ENSG00000224334.1_4	0.551903811322285	2.77019562666236	11.7427331301931	0.000610812589420549	0.0278429776666117
ENSG00000162623.15_2	-0.582955772238378	4.88152205986092	11.7418824826491	0.000611091826604325	0.0278429776666117
ENSG00000171302.16_3	0.293773617859713	4.35734573918773	11.7383145108571	0.000612264469236955	0.0278429776666117
ENSG00000159593.14_4	-0.404502860075959	4.72951543261686	11.7270565756437	0.000615979397949825	0.027910119925768
ENSG00000188167.8_3	0.916642746551593	0.174499761532504	11.7251355130293	0.000616615585959135	0.027910119925768
ENSG00000226089.2_5	-2.7452130222894	-0.785856484460177	11.7169543132417	0.000619332348598889	0.0279678966164959
ENSG00000112624.12_4	0.416945556159035	4.00170911282214	11.6964957577955	0.000626179131205312	0.0282114764959275
ENSG00000055163.19_4	0.343296125476515	7.18882588377657	11.67781067434	0.000632499167144536	0.0284302519157699
ENSG00000120733.13_2	0.304885900547769	5.52516061541589	11.6640837514384	0.000637183170942972	0.0284810176519479
ENSG00000155858.5_2	0.438229540431331	2.14597968705492	11.6633282221808	0.000637441993128224	0.0284810176519479
ENSG00000147130.14_3	0.311957320848102	4.92192255069775	11.6616165019549	0.000638028771170942	0.0284810176519479
ENSG00000163013.11_2	0.343624107781014	4.82062131595527	11.6518642299794	0.000641382275052058	0.0285650482040387
ENSG00000244234.1_3	0.536076399940938	-0.0247138790453388	11.6378298277577	0.000646239539527192	0.0287155134520343
ENSG00000198382.8_3	0.244877559571257	5.04108843156796	11.6331024012102	0.000647884038927489	0.0287206745883414
ENSG00000132182.11_2	0.378160642208563	7.32186676183596	11.6290020047827	0.000649313839956838	0.0287206745883414
ENSG00000104880.17_3	0.577311422813474	1.23443076015511	11.6234705121935	0.000651247712590792	0.0287407456433818
ENSG00000126653.17_4	-0.51811663394243	4.10202481821922	11.601960550153	0.000658823297646119	0.0289465316372626
ENSG00000232941.1	-0.71392881817953	1.94537626723549	11.5962967057136	0.00066083280728943	0.0289465316372626
ENSG00000143190.21_5	0.404750891393862	4.49901312201729	11.5939086440713	0.000661681936489596	0.0289465316372626
ENSG00000076513.16_3	0.436984475770756	5.50400133951381	11.5933702640584	0.000661873521832558	0.0289465316372626
ENSG00000197724.10_3	0.398623078364506	3.59213918887435	11.5727795102756	0.000669243053982846	0.0290240773536409
ENSG00000250902.1_4	1.06375167772898	0.207217573284421	11.5700695306166	0.000670219121398215	0.0290240773536409
ENSG00000243988.1_4	-0.668621361876976	2.43840241637258	11.5675925240648	0.000671112535445686	0.0290240773536409
ENSG00000253666.1_5	-0.768224492853286	0.760397513422926	11.5670915981666	0.000671293357063206	0.0290240773536409
ENSG00000166446.14_3	1.5895449682297	0.750306919152539	11.5661225672541	0.000671643292477024	0.0290240773536409
ENSG00000197965.11_4	0.301415803992952	4.63640587427099	11.5579293317647	0.000674609399804255	0.0290240773536409
ENSG00000090924.14_4	0.410380488816462	4.46842104969063	11.5578695926008	0.000674631075037044	0.0290240773536409
ENSG00000243155.1_5	-0.900430978797663	-0.830838240408775	11.5551894697145	0.000675604231323807	0.0290240773536409
ENSG00000163486.8	0.520230343502664	2.97366817421548	11.5388685422735	0.000681561068406914	0.0292153484024845
ENSG00000230021.9_4	-0.539390492539642	10.0076926239548	11.5290654038843	0.000685164508133106	0.0293051198654816
ENSG00000111863.12_3	-2.0419125483303	1.13410902028263	11.5233718452608	0.000687266175779189	0.0293304057170995
ENSG00000072135.12_3	0.489268846391608	5.02178075209066	11.5159328442883	0.000690021955951573	0.0293714143390203
ENSG00000134049.5_4	-0.466323454555418	3.43420116479679	11.5126214293644	0.000691252258365036	0.0293714143390203
ENSG00000255389.1_4	-1.02145808448482	-0.829008422678507	11.4966065848218	0.000697233660004788	0.02956088037112
ENSG00000104687.13_4	0.294819407442574	5.44655263669302	11.4891106021721	0.000700051279716084	0.0296156770142199
ENSG00000007968.6_2	0.63243172810469	3.10266068921527	11.4738144537688	0.000705836593308529	0.0297955108018805
ENSG00000188010.13_4	-0.591834137885324	0.98746139859475	11.4636226861049	0.000709718115742024	0.0298943739077627
ENSG00000060642.10_3	0.353212516799663	2.804493619254	11.4397877186544	0.000718880034533811	0.0302024315973935
ENSG00000153551.13_2	0.731815554160855	2.30480399909253	11.4337840810694	0.000721206551531559	0.0302024315973935
ENSG00000130349.9_2	-0.429788923716095	2.49414744084396	11.4323715242678	0.000721755047092886	0.0302024315973935
ENSG00000022840.15_4	0.218963305628738	5.89231443397186	11.42851879918	0.000723253202842103	0.0302024315973935
ENSG00000267152.1_4	-0.754450685394996	-0.250427732857079	11.4019453700606	0.000733672369135081	0.0305717812529292
ENSG00000127948.15_3	0.476882558127673	4.01687102698338	11.3933928088591	0.000737057895771761	0.0306470882657303
ENSG00000198286.9_2	0.51396426338288	5.49608457735843	11.3870683745639	0.000739571567512893	0.0306858989272764
ENSG00000247828.7_5	-0.541935045053144	1.99069055665617	11.3718567710656	0.000745653009111158	0.0308722604070799
ENSG00000176994.10_2	0.467556143356301	4.23699083348855	11.3533241562897	0.000753130480870045	0.0310917572741575
ENSG00000049618.22_4	0.433830771609056	5.73782738175282	11.348759906839	0.000754983646452823	0.0310917572741575
ENSG00000204130.13_3	-0.304325286317842	3.55992709292035	11.3429015845252	0.000757368982224464	0.0310917572741575
ENSG00000226329.2_4	-0.818024880027748	-0.744297617570079	11.3403461048809	0.000758411882018507	0.0310917572741575
ENSG00000154237.12_3	0.54658760673039	5.54210119996313	11.3390034755191	0.000758960394888797	0.0310917572741575
ENSG00000108848.15_4	-0.614033189464008	6.22242922191451	11.3291696265448	0.000762990118308194	0.0311154359804962
ENSG00000139990.17_3	0.270282886588373	4.75607932443851	11.3248443097242	0.000764769389701452	0.0311154359804962
ENSG00000143971.8_3	-0.506598900621092	3.58209213954079	11.3189193639145	0.000767213495080091	0.0311154359804962
ENSG00000133874.1_2	0.521307603760563	2.29686504865197	11.3184963734892	0.000767388284843001	0.0311154359804962
ENSG00000166012.16_3	-0.435555116556442	5.65505803245329	11.317645289035	0.00076774009523997	0.0311154359804962
ENSG00000257550.1_4	0.701630311103927	2.17709390793642	11.3142316738762	0.000769152810311987	0.0311154359804962
ENSG00000150867.13_3	0.381071868046574	6.3756392883193	11.3092606708803	0.000771214745107785	0.0311297955750127
ENSG00000109685.17_3	0.319582004369374	6.74473006912288	11.3056545009935	0.000772714052279129	0.0311297955750127
ENSG00000104154.6_2	1.27204865351328	-0.0404544968801712	11.2921151774684	0.000778369520515367	0.0312532881698166
ENSG00000125107.17_2	0.399621267049909	7.46714109740274	11.2906157041454	0.000778998427963293	0.0312532881698166
ENSG00000280027.1_4	-2.06659405696476	-1.76431104917871	11.2865728843116	0.000780696622754814	0.0312568392178412
ENSG00000234174.1_4	0.57622926364045	0.438464198997806	11.2813041817441	0.000782915367916686	0.0312811741033049
ENSG00000216285.5_4	0.370665760753978	6.46366725837377	11.2614946532086	0.000791314688012	0.0314746378136726
ENSG00000089154.10_2	0.379892728480762	6.71261737819172	11.2577041807367	0.000792932213278555	0.0314746378136726
ENSG00000188827.10_2	0.478159067875549	3.63679800283809	11.2562897123207	0.00079353667141607	0.0314746378136726
ENSG00000269279.1	0.538231300207217	3.04063926862002	11.2546428187608	0.000794241040719928	0.0314746378136726
ENSG00000196937.10_3	-0.615504828602184	3.73171986998292	11.249209407647	0.000796569371322225	0.0315026151778716
ENSG00000166839.16_4	-1.05008902273017	1.87095217546137	11.2393641694655	0.000800805849858826	0.0315739487862826
ENSG00000180370.10_2	0.285022020154892	5.98594309108715	11.2374663053187	0.000801625128830845	0.0315739487862826
ENSG00000107949.16_4	-0.421526549156277	5.24623450370647	11.2166110932271	0.000810683997305865	0.031866117124869
ENSG00000055044.10_2	-0.471400956085585	5.92452944751238	11.2102493762093	0.000813467873729742	0.0319109478223922
ENSG00000155111.14_4	0.362905364985496	4.38713626831387	11.1799360769527	0.00082686621163796	0.0323150517086512
ENSG00000234616.8_3	0.383917287506022	3.92432489022963	11.1794169974515	0.000827097574374273	0.0323150517086512
ENSG00000116852.14_3	0.491124315362935	4.65821487592148	11.1164702462338	0.000855644699458156	0.0333632706306797
ENSG00000236129.1_4	-2.36960174271622	-2.22555490207213	11.092849852701	0.000866612039511067	0.0337231915495509
ENSG00000167766.18_3	-0.850560800126472	3.39272434830936	11.0887053457044	0.000868551005907808	0.0337310468654356
ENSG00000105374.9_2	0.863368010660809	0.472891516008179	11.0833842896973	0.000871046839869767	0.0337604541648526
ENSG00000149212.11_3	1.16345979992602	2.07619458598138	11.0778809380564	0.000873635806282121	0.0337933467856299
ENSG00000177084.16_4	0.376569860843476	5.47455315521382	11.0673039418103	0.000878633452048855	0.0338722991053141
ENSG00000146966.12_2	0.545406409640899	0.199811128328287	11.0661811680485	0.000879165658104764	0.0338722991053141
ENSG00000164022.16_2	-0.359013685887452	4.84852800591723	11.0577058146942	0.000883193589313663	0.0339199342029989
ENSG00000101413.11_2	0.258920469475109	4.45765067399482	11.0562324711375	0.000883895700212043	0.0339199342029989
ENSG00000143373.17_2	0.332717821908749	4.25802280227481	11.042338516363	0.000890544573287977	0.0340981001812102
ENSG00000124383.8_2	-0.506561590664995	4.3984356037313	11.0383402917879	0.000892467252736213	0.0340981001812102
ENSG00000226650.5_3	0.499247183602225	1.934291266044	11.0355606334788	0.000893806416326912	0.0340981001812102
ENSG00000141968.7_2	0.316736887552663	5.08253382256747	11.0140982886933	0.000904215020831059	0.0344092869041715
ENSG00000140465.13_3	-1.6541452362458	1.02465485105385	11.0114505675729	0.000905507550109777	0.0344092869041715
ENSG00000142149.8_3	-2.80945266523665	-2.24574120447838	11.0020499718992	0.000910111715464145	0.0345166978337554
ENSG00000166562.8_2	-0.55198975862434	5.67477305613408	10.9875520942553	0.000917258838311682	0.0347199456575755
ENSG00000169282.17_3	-1.01195934596796	-0.817949179315498	10.9700860299814	0.000925944615882352	0.0348061623539531
ENSG00000072518.20_3	0.34030950109628	4.31600567739086	10.9694935718513	0.000926240695825866	0.0348061623539531
ENSG00000256591.5_5	0.545618956890575	0.566895189066609	10.9686597657929	0.000926657551143126	0.0348061623539531
ENSG00000100941.8_2	-0.517662058881357	6.2074938013822	10.9685619723775	0.000926706454680901	0.0348061623539531
ENSG00000121350.15_2	-0.432712771441311	4.76368732562379	10.954383142659	0.000933824546366792	0.0350058012381281
ENSG00000145216.15_4	-0.281196790775978	4.34226170369029	10.9463481411589	0.000937882811190945	0.0350901896487587
ENSG00000196756.11_4	0.660296891427541	3.36627549317543	10.9280120295657	0.000947210799340063	0.0352919229478385
ENSG00000254307.2_4	-0.532720126940033	0.516283274557191	10.9223229053609	0.000950124008281094	0.0352919229478385
ENSG00000100147.13_2	0.530596206891961	1.58968579770471	10.9222358379643	0.000950168662876039	0.0352919229478385
ENSG00000204311.13_4	-0.914673546295452	0.388558766235118	10.921502934731	0.000950544633933441	0.0352919229478385
ENSG00000226784.2_3	0.413677167408854	5.14523965051062	10.916689697216	0.000953017510837054	0.035302307565587
ENSG00000013375.15_4	-0.459446651655765	4.14421967912426	10.9131406593638	0.000954845050736058	0.035302307565587
ENSG00000118454.12_2	-0.31705084062197	3.83411468948264	10.9103619517694	0.000956278390127654	0.035302307565587
ENSG00000129173.12_2	0.529031711031856	3.41218259249773	10.8906761605199	0.000966495400473622	0.0356117792910755
ENSG00000240344.8_2	-0.589040037213858	3.68568076185507	10.8850904373696	0.000969414467695498	0.0356516858593015
ENSG00000103222.18_3	0.353039558200695	5.55631066962042	10.8738473422809	0.000975317105584862	0.0357048640535157
ENSG00000225519.1_4	-1.33804868396359	0.853235919893658	10.8733899251112	0.000975558018007712	0.0357048640535157
ENSG00000276547.1_3	1.39624827613044	-1.32539540220075	10.871836352747	0.000976376702668494	0.0357048640535157
ENSG00000116752.5_2	-0.383581908642896	3.78882632130139	10.8665776502525	0.000979153035809256	0.0357390858070379
ENSG00000160710.15_4	0.346156570088846	8.29696823609151	10.8602771868457	0.000982489880948413	0.0357711694829716
ENSG00000175216.14_3	0.323355502072916	6.56854424797962	10.8553052107587	0.00098513125001719	0.0357711694829716
ENSG00000233820.2_4	0.602269650732619	-0.884796651040804	10.8545021746596	0.000985558537099073	0.0357711694829716
ENSG00000100916.13_3	-0.550963134963044	2.49437724689926	10.8338056146966	0.000996635855568431	0.0361057370213205
ENSG00000135127.11_4	0.921465573137618	2.19433102130786	10.8287574692712	0.000999356797275129	0.0361368906694385
ENSG00000240452.1_3	-1.21649446688959	0.00627860477765772	10.806981134753	0.00101118057086847	0.0364964764407508
ENSG00000181873.12_2	0.44023182033867	2.01042366913553	10.8015861258904	0.00101413167149706	0.0365350812562708
ENSG00000187144.11_2	0.239106094381022	5.03730346959633	10.784624843568	0.00102346645042014	0.0368030954338117
ENSG00000175309.14_3	-0.27506591747121	4.71733340316286	10.7796408897411	0.0010262258936831	0.0368341116516421
ENSG00000143322.19_3	0.413145619589515	2.7917778855474	10.7715160368717	0.00103074048563514	0.0369278943728103
ENSG00000266865.6_4	-0.805891238279147	-0.780549299473219	10.7666079173893	0.00103347741941808	0.0369577615658569
ENSG00000169641.13_4	0.489873547242129	4.2023340308992	10.762267063653	0.00103590415104521	0.0369764463327131
ENSG00000232729.7_4	0.489375756905772	3.3482121475451	10.7517513086555	0.00104180684811797	0.0371189089481738
ENSG00000118900.14_4	0.293713013059771	4.95584321859159	10.7460508425916	0.00104502083695286	0.0371652282270158
ENSG00000183735.9_3	-0.373131224716483	4.58148718570604	10.7392931920863	0.00104884387214598	0.0371698142041932
ENSG00000253729.7_3	0.46712569019854	7.5893589217159	10.7365820722629	0.00105038161900896	0.0371698142041932
ENSG00000099246.16_2	-0.301850492246403	4.26079827093524	10.732735926638	0.0010525670654107	0.0371698142041932
ENSG00000251136.8_4	-0.850021111916679	2.06320549634216	10.7323149308891	0.00105280656155661	0.0371698142041932
ENSG00000225951.1_4	0.387823808636196	1.57147718201492	10.7222650224357	0.00105854014706745	0.0373044148380322
ENSG00000103460.16_2	2.70229995254852	-3.66863341352813	10.703762624502	0.00106917870430702	0.0376110726091191
ENSG00000186566.12_3	0.445342889596292	5.10875262566008	10.6785705072818	0.00108383783941205	0.0379752691845342
ENSG00000156869.13_3	0.618173886208592	1.75303830017773	10.677972775752	0.00108418811391499	0.0379752691845342
ENSG00000206530.10_4	-0.948004014502238	1.57088652333142	10.6759082406814	0.00108539882569866	0.0379752691845342
ENSG00000237447.1_3	0.642397976867729	-0.514641485884954	10.6572345186693	0.00109641203524611	0.0382785776372098
ENSG00000165661.16_3	0.300985943925281	4.16775299436643	10.6545399934363	0.00109801049252888	0.0382785776372098
ENSG00000141384.12_3	0.481288024716993	3.76499012040399	10.6502197878173	0.00110057826394412	0.0382993346402633
ENSG00000253669.3_4	0.66768523587717	-0.692840817001036	10.6381244940832	0.00110779961955106	0.0383799008387725
ENSG00000152404.15_3	-0.473357237430376	3.02174674792931	10.6373440765247	0.00110826720165634	0.0383799008387725
ENSG00000246263.2_4	-0.47616615249439	2.7321352783846	10.6364169101439	0.00110882296686329	0.0383799008387725
ENSG00000123473.15_3	0.420860277030334	4.35981511046871	10.6297983027316	0.00111279851342169	0.0384489707003958
ENSG00000119689.14_3	0.259132666230292	5.62138409201033	10.6211929733342	0.00111798897895614	0.0385596980344054
ENSG00000126790.11_3	-0.691205522490553	1.85000727761644	10.6076401182232	0.00112621334706334	0.0387744871866596
ENSG00000237499.6_4	-0.567287021121803	1.63909807527121	10.6012479581825	0.00113011355905562	0.0388399028137029
ENSG00000174912.7_3	0.568687470215005	0.56578950625426	10.5902320257616	0.00113686708612101	0.0389688396931386
ENSG00000169410.9_4	0.283440636375056	4.31787290340396	10.5869522059544	0.00113888571943474	0.0389688396931386
ENSG00000173011.11_3	0.342635088310058	3.23550676334168	10.5853296074639	0.0011398857217892	0.0389688396931386
ENSG00000232828.1_4	0.523604850060359	1.38280022564317	10.5690673943565	0.00114995727309923	0.0392440603322334
ENSG00000132744.7_2	1.30554174537286	0.993508837323888	10.5658118688688	0.00115198428349604	0.0392442645910984
ENSG00000149503.12_2	0.43330195851108	4.89607998983766	10.538740021609	0.00116898085450492	0.0396590708155632
ENSG00000121903.14_2	0.437011903541244	1.20544670276392	10.5365783275251	0.00117034892550124	0.0396590708155632
ENSG00000115540.14_3	-0.402998001188282	2.47636021272707	10.5347070274673	0.00117153452296229	0.0396590708155632
ENSG00000173041.11_2	-0.517822693665835	2.43260479238043	10.5315028081951	0.00117356743914935	0.0396590708155632
ENSG00000163938.16_3	-0.352358060081236	6.39991219606388	10.5292017806461	0.00117502952716005	0.0396590708155632
ENSG00000198150.2	-0.950262817540435	-0.938858272221841	10.5270241373165	0.0011764149134702	0.0396590708155632
ENSG00000176563.9_3	-0.367235500997678	3.72609801617608	10.5227452418933	0.00117914190314852	0.0396821100092513
ENSG00000273449.1_4	-1.24369671305152	-0.899052672003583	10.5133606789038	0.00118514521283333	0.0397580894538467
ENSG00000177602.5_4	0.468210280130771	2.87968190548778	10.5128160159661	0.00118549458202581	0.0397580894538467
ENSG00000138685.14_4	-0.755683130319734	1.73641389293556	10.4995917285023	0.00119400924013855	0.0398264045575898
ENSG00000162604.12_4	-0.34352778743957	2.98777230410855	10.4992207154425	0.00119424901287599	0.0398264045575898
ENSG00000141027.20_4	0.353089162422678	6.0914749174113	10.496546125395	0.00119597894887449	0.0398264045575898
ENSG00000188603.19_4	0.676751907725314	-0.0265290110667951	10.4937420695818	0.00119779534671061	0.0398264045575898
ENSG00000267394.1_4	0.475117820733633	0.832546195580056	10.492950741884	0.00119830845403128	0.0398264045575898
ENSG00000001167.14_3	0.321634756419401	4.3414651849799	10.4867529115339	0.00120233490952351	0.0398264045575898
ENSG00000232788.1_4	-1.304083114028	-1.19957061612085	10.4853913748379	0.0012032212720199	0.0398264045575898
ENSG00000188033.9_3	0.550507351850499	0.282128671373215	10.4842886739116	0.00120393961660857	0.0398264045575898
ENSG00000235376.5_3	0.414499295593316	1.43262631724732	10.4762992980312	0.00120915720260206	0.0399309771430726
ENSG00000162063.12_3	0.40285587476023	4.96414079354333	10.455284462026	0.00122299078391459	0.0403192445535714
ENSG00000263272.1_5	-0.492701595911175	2.2919884496971	10.4422375711015	0.0012316597242091	0.0404884353124041
ENSG00000183918.16_4	-4.02881619610328	-1.28041193503973	10.4412881420748	0.00123229298947527	0.0404884353124041
ENSG00000089048.14_2	-0.516207136139038	3.80643234360072	10.4255809829622	0.00124281754812446	0.0407301953707588
ENSG00000172831.11_3	0.252526530897017	4.02751387176438	10.421905597137	0.00124529333996297	0.0407301953707588
ENSG00000053900.10_2	-0.377650495443309	3.96468619910748	10.4209412469233	0.0012459437661052	0.0407301953707588
ENSG00000229349.2_2	0.557983512810261	1.43448346392925	10.4058261287918	0.00125618351720249	0.0409959185496436
ENSG00000189190.9_3	-0.52552581190481	2.8287313838065	10.4006009137776	0.00125974311978573	0.0410060652184059
ENSG00000161405.16_2	0.479174980944476	7.01625200153596	10.3987161259298	0.00126102960815555	0.0410060652184059
ENSG00000100226.15_3	0.322027585307103	5.53068713403335	10.3948864410323	0.00126364771040509	0.0410060652184059
ENSG00000137871.20_4	-0.480396072164909	2.35446888803768	10.3913047471885	0.00126610125583012	0.0410060652184059
ENSG00000112304.10_2	-0.306776457452491	4.38517333147276	10.3899169799894	0.00126705320481221	0.0410060652184059
ENSG00000213203.2_3	1.22641782135243	-0.0985928478882449	10.3837694727744	0.00127127885152122	0.041074363958135
ENSG00000125538.11_3	-2.09981873078006	0.456536665337594	10.3744224163923	0.00127773113737224	0.0412142578496581
ENSG00000219294.6_3	0.562542865959809	-0.854784194589736	10.3677857624081	0.00128233254119835	0.0412940850497341
ENSG00000144161.12_2	-0.430338268056486	2.79702848113413	10.3631442412229	0.00128556061905478	0.0413294968556387
ENSG00000014919.12_2	0.204247712830735	4.98134833110405	10.3589487107454	0.00128848559687213	0.0413550633389472
ENSG00000164916.10_3	0.581511664668533	4.66802655897428	10.3496341705636	0.00129500347078537	0.0414416284916342
ENSG00000285106.1_1	-1.26814819147019	-0.206876504521584	10.3489962873506	0.00129545105028437	0.0414416284916342
ENSG00000144712.11_3	1.45634603130414	-1.2917095585122	10.3405509921499	0.00130139158782135	0.041500999647082
ENSG00000122966.15_5	0.415525090975408	4.5221039523551	10.3372640741591	0.00130371109875026	0.041500999647082
ENSG00000134061.5_2	1.09211882832395	4.00697743626651	10.3371616407196	0.00130378345113347	0.041500999647082
ENSG00000247137.8_5	-0.397096191845343	1.65978581640573	10.3342299287423	0.00130585594728433	0.041500999647082
ENSG00000117569.18_2	-0.519171991534247	2.75101963457851	10.3244697639677	0.00131277969808825	0.0415624469618329
ENSG00000137331.11_2	-0.856047707196376	4.61924386811789	10.3239815075319	0.0013131270359994	0.0415624469618329
ENSG00000243317.7_2	-0.327124495080184	4.63632059300568	10.3224590975897	0.00131421065169252	0.0415624469618329
ENSG00000228753.1_3	0.549567223135104	0.193101125810169	10.3135097090234	0.00132059894127358	0.0416965694986186
ENSG00000128596.16_4	0.925863429316898	-1.10225191835222	10.2992394451908	0.00133085048880203	0.041952036999282
ENSG00000129007.14_3	-0.551300007646378	0.905085443550919	10.2950857089012	0.00133384958125506	0.0419751927786083
ENSG00000140263.13_2	-0.478188932465157	4.00020318273887	10.2903350399564	0.00133728806061662	0.0419751927786083
ENSG00000213085.9_4	-1.19823772848593	-0.872226843976458	10.2888504889639	0.00133836440047952	0.0419751927786083
ENSG00000181192.11_3	0.325477624069574	5.19330376383164	10.2862778384472	0.00134023171916455	0.0419751927786083
ENSG00000145743.15_3	0.374494015252023	2.71915294256796	10.2791400923026	0.00134542636319633	0.0420700307899296
ENSG00000247903.1_4	-0.701254287563216	2.13222602271695	10.2760048295917	0.0013477145542336	0.0420738283185018
ENSG00000023572.9_3	-0.453200172140491	3.55385462541555	10.2530705279889	0.00136457281483239	0.0425317414420792
ENSG00000273559.4_2	-0.204503166732813	3.9467019286958	10.2361955691803	0.0013771132428364	0.0428538220342905
ENSG00000144182.16_3	-0.478684258695139	1.18688824944611	10.2312662118226	0.00138079840904713	0.0428997496110035
ENSG00000263001.5_3	0.348351388614619	5.90379557589165	10.2212367060299	0.00138832727618288	0.0430232486142089
ENSG00000184154.14_4	0.36375374930012	0.52692055765856	10.2200714376992	0.00138920470085019	0.0430232486142089
ENSG00000181074.4_4	-2.00477163150846	-2.09852220389335	10.2129634759617	0.00139456902988327	0.0431206073603079
ENSG00000240409.1_3	-0.768158279833293	6.55869571874664	10.2032636510133	0.00140192327399966	0.0431889976148518
ENSG00000226965.1_4	-4.55778254202998	-3.56100106046258	10.2029294075714	0.00140217739040491	0.0431889976148518
ENSG00000246174.7_4	0.568350266530583	1.0272214472162	10.1990480289742	0.00140513171674972	0.0431889976148518
ENSG00000248839.1_4	-0.593965258922827	1.8539178307003	10.1983318321491	0.00140567754107459	0.0431889976148518
ENSG00000256223.5_3	-0.589681573756336	1.03179304684987	10.1720242338923	0.00142587643006623	0.0436860884865488
ENSG00000131400.7_2	0.918653923028918	1.84682950720887	10.1714042710754	0.00142635596356329	0.0436860884865488
ENSG00000119048.7_3	-0.345261959439171	4.61295132502699	10.1465209434451	0.00144573831998844	0.0441481063983918
ENSG00000172927.3	1.74000317392032	-0.10577970921434	10.1422934111525	0.0014490576752229	0.0441481063983918
ENSG00000058804.11_2	0.35375474806041	5.11788028392763	10.1395443470143	0.00145122031292815	0.0441481063983918
ENSG00000178974.9_3	0.247600512047691	3.87376837875825	10.1392775354028	0.00145143038258154	0.0441481063983918
ENSG00000139514.12_3	0.434031433963443	5.79717939484001	10.1375278471274	0.00145280873357567	0.0441481063983918
ENSG00000169499.14_3	0.374149967054038	6.35068757598779	10.1244713413906	0.00146313618632751	0.0441856242508385
ENSG00000134516.15_3	0.284835761982736	7.37262339361355	10.1244370641666	0.00146316339658191	0.0441856242508385
ENSG00000232934.7_5	0.425506438850081	1.87913200242947	10.1231395158562	0.00146419380497902	0.0441856242508385
ENSG00000146282.17_3	-0.253339502759729	3.88409894171001	10.1227350128571	0.00146451517890826	0.0441856242508385
ENSG00000186625.13_2	-0.28479578202845	3.27767712322506	10.1215955603456	0.00146542084754043	0.0441856242508385
ENSG00000237090.1_4	0.585431615606071	-1.07378238471157	10.1036843755497	0.00147973191473288	0.0444459095173732
ENSG00000184205.14_2	-0.377866227101747	3.93791102660812	10.1029351596652	0.00148033361384495	0.0444459095173732
ENSG00000123219.12_3	-0.564655134454869	3.74180955513281	10.0994086470985	0.00148316910358669	0.0444459095173732
ENSG00000100227.17_3	0.251874377597707	5.41938810908695	10.0915580468545	0.00148950113933849	0.0444459095173732
ENSG00000165416.14_3	-0.378121343799875	4.85993217692435	10.0904013755451	0.00149043638341726	0.0444459095173732
ENSG00000170385.9_2	0.425348946189493	3.09670132676208	10.087591245613	0.00149271103464703	0.0444459095173732
ENSG00000115816.14_3	-0.381998419596321	5.23901956921209	10.0868464089519	0.00149331452961766	0.0444459095173732
ENSG00000074755.14_3	0.37095913829785	5.14281321094026	10.0828175881202	0.00149658311874834	0.0444459095173732
ENSG00000271018.1_4	-1.19755718370879	-1.11519212182773	10.0824982636981	0.00149684249686621	0.0444459095173732
ENSG00000155592.15_2	0.35119182883794	2.45558032414792	10.0795205207409	0.00149926342521515	0.0444459095173732
ENSG00000244575.3_3	-5.22619729341384	4.75219807851841	10.0765798604789	0.00150165809654798	0.0444459095173732
ENSG00000148773.13_3	0.454439537126508	8.04625331585432	10.0746111175277	0.00150326346964416	0.0444459095173732
ENSG00000231822.1_4	-0.457568586778942	2.88977762568544	10.0737225643841	0.00150398859213219	0.0444459095173732
ENSG00000127481.14_3	0.4807589735214	6.86680046534583	10.070887829675	0.00150630430553841	0.0444459095173732
ENSG00000257242.7_4	-1.49506483392864	1.93067103932382	10.0667305818473	0.00150970692108894	0.0444459095173732
ENSG00000245864.2_5	0.552329509587877	2.93602314708483	10.0655487113721	0.00151067567625226	0.0444459095173732
ENSG00000137815.14_2	0.21796725207877	5.1814231822538	10.0621672290483	0.00151345088726264	0.0444601956563782
ENSG00000070366.13_4	0.363669299120282	4.59333731758995	10.0588915730959	0.0015161441690048	0.0444720354588144
ENSG00000163806.15_3	-0.523969898950945	1.15463344012575	10.0404680155199	0.00153138291031106	0.0448102125726285
ENSG00000261584.1_4	-1.81761818852183	-1.75382187841812	10.0380689543311	0.00153337863640449	0.0448102125726285
ENSG00000261416.1_4	0.47979694565549	5.01451727311761	10.0366067292896	0.00153459632098043	0.0448102125726285
ENSG00000267705.1_5	-0.632996382051257	0.4744224709436	10.0209900681018	0.00154766251965021	0.0451238900999517
ENSG00000071859.14_2	-0.350114011522765	4.83149221845698	10.0114915369393	0.00155566483360609	0.0452083760650383
ENSG00000163900.10_2	0.274161582860166	3.59231754509291	10.0100256503775	0.00155690353988376	0.0452083760650383
ENSG00000133030.20_4	0.287883654838005	5.88624822028005	10.0087834805068	0.00155795398256346	0.0452083760650383
ENSG00000084092.6_2	0.263478809023826	4.40598223566322	10.0032505195892	0.00156264166557178	0.0452083760650383
ENSG00000054219.10_3	-0.445379786068974	5.32331349622291	10.0018759868716	0.0015638084227781	0.0452083760650383
ENSG00000245156.1_5	0.305256019193512	3.32520826418403	10.0007047638564	0.00156480329897929	0.0452083760650383
ENSG00000133985.2_2	0.4043463670026	4.55269488727304	9.99828894147856	0.00156685740507626	0.0452083760650383
ENSG00000131471.6_3	-1.15590564893239	-1.2754249157913	9.99291164679744	0.00157143937883395	0.0452733083949519
ENSG00000103429.10_2	0.212634459894727	4.84188629364085	9.9879051580848	0.00157571758988253	0.0452768263295735
ENSG00000249532.5_5	-0.467983051065554	2.38762758314685	9.98470881688888	0.00157845513817385	0.0452768263295735
ENSG00000162642.13_2	-0.306971694570126	2.85038583416025	9.98459049681213	0.00157855656736643	0.0452768263295735
ENSG00000227725.3_2	0.346789820682517	1.7556881723187	9.96939168555997	0.00159164070466918	0.0454801373503069
ENSG00000138867.16_3	0.247487798942126	5.69164562851604	9.96703421672009	0.00159367998750874	0.0454801373503069
ENSG00000214820.3_3	0.52638904189693	2.26639543588258	9.96645667098687	0.00159417998576514	0.0454801373503069
ENSG00000188459.4_3	0.629939380525969	3.06616773961277	9.96509185490515	0.00159536217853629	0.0454801373503069
ENSG00000223960.6_4	-0.331997406638875	3.79351373102144	9.96279265498379	0.00159735573554997	0.0454801373503069
ENSG00000113194.12_3	0.252003732356733	5.09061650936435	9.95888823501065	0.00160074690635364	0.0455065429922862
ENSG00000185361.8_2	0.348187148261404	3.84989999882894	9.95633298969773	0.00160297020325079	0.0455065429922862
ENSG00000118242.15_3	-0.485804992123418	4.81087266448731	9.95005700404772	0.00160844416979295	0.0455882700634677
ENSG00000065060.16_2	0.372495150686031	4.63901377860543	9.94765467564207	0.00161054450837052	0.0455882700634677
ENSG00000215845.10_4	-0.689236768997798	3.04492179012275	9.94069761016129	0.00161664270760748	0.0456942767049811
ENSG00000279377.1_3	-3.68935472173068	-2.51378312924751	9.93544312581611	0.00162126401362109	0.0457582915937417
ENSG00000237161.4_4	0.481864417898545	2.83874718612225	9.93267150023087	0.00162370704026086	0.0457607304902546
ENSG00000136936.10_2	-0.408619789291669	2.51785098622104	9.92646108615497	0.00162919470756607	0.0457965094085454
ENSG00000253641.5_3	-3.16757214074534	-2.43013082236506	9.92480247763854	0.00163066346925573	0.0457965094085454
ENSG00000241058.3_3	-0.332279939328286	2.78826803857783	9.92323593264979	0.00163205193689945	0.0457965094085454
ENSG00000250802.7_5	-0.928643676414158	-1.35373459497035	9.9060904940406	0.00164732687852259	0.0461584319295118
ENSG00000185495.10_4	-0.897216872480233	1.34612154126759	9.90031691038081	0.00165250311963936	0.0462367515520997
ENSG00000148841.15_2	0.43382495899127	3.09033791761931	9.89727942284134	0.00165523295639554	0.0462419451397013
ENSG00000156469.8_4	-0.398104678202824	3.61840420172512	9.89481455298568	0.00165745153039613	0.0462419451397013
ENSG00000198663.16_4	0.245639242990731	4.75233172697664	9.89007092568318	0.00166172964418465	0.046294786557787
ENSG00000232060.3_3	-0.413298453108733	1.73761550816764	9.87642803043866	0.00167409616160686	0.0465213649677549
ENSG00000111642.15_3	0.328757890121393	7.17388818668606	9.87581487027899	0.00167465414112991	0.0465213649677549
ENSG00000196411.9_2	-1.00899351683873	-0.676244129049576	9.86800530845443	0.0016817773952674	0.0466525049447176
ENSG00000166439.5_3	0.315554351157909	3.88127172060824	9.86456514001748	0.0016849249724674	0.0466731428179343
ENSG00000067334.13_2	-0.492010605752099	5.01644154328876	9.85995890432264	0.00168914878937843	0.0466967424693976
ENSG00000218472.2_4	-0.627944191091255	1.52676744636988	9.85805742438038	0.00169089553152806	0.0466967424693976
ENSG00000075292.18_3	-0.439773182176005	5.66833376721879	9.85577853223725	0.00169299138420311	0.0466967424693976
ENSG00000107249.22_4	1.31528789729345	0.28929723414973	9.844910617349	0.00170302265825763	0.0468540792056212
ENSG00000276250.1_4	0.40688308901648	0.778024978737834	9.84206066867688	0.00170566316295689	0.0468540792056212
ENSG00000264839.1	-1.0201594988185	2.13518886757603	9.84176818045688	0.00170593439068772	0.0468540792056212
ENSG00000213985.4_2	0.482201185026656	4.83503312236794	9.83828790186919	0.00170916504905405	0.0468613237613227
ENSG00000198624.12_2	0.377074160178145	6.5035641418672	9.83628753335091	0.00171102474749088	0.0468613237613227
ENSG00000141699.10_5	0.2679236452438	5.25106399929653	9.83349425232268	0.00171362503006467	0.0468664377940785
ENSG00000143614.9_3	0.32300045431274	4.88611654640678	9.82754569399685	0.00171917593070199	0.0469514662959387
ENSG00000258741.3_4	0.462621104412519	2.74584874735729	9.82498624589175	0.00172156988375262	0.0469514662959387
ENSG00000051620.10_2	-1.34674465610752	2.5297635848585	9.81929176734843	0.00172690827972553	0.0470310027709823
ENSG00000153827.13_4	0.289939955301776	6.95449404652615	9.81600485776045	0.00172999728681709	0.0470464614214028
ENSG00000255252.3_4	-0.466939679527209	1.86517006459652	9.81217240796508	0.00173360605815863	0.0470464614214028
ENSG00000197670.6_4	0.571848371445096	1.26525278690455	9.80683671770015	0.00173864304073053	0.0470464614214028
ENSG00000228925.1_4	0.406470985805889	0.825286768399736	9.80666820707279	0.00173880235897599	0.0470464614214028
ENSG00000259660.2_3	0.938591109979259	0.495636899341601	9.80583531329745	0.00173959003504826	0.0470464614214028
ENSG00000166793.10_2	-2.15463415709742	-1.36395619304636	9.80274597772336	0.00174251480998678	0.0470600174969727
ENSG00000215012.8_5	0.284712942550209	3.35701246773177	9.79944988184832	0.00174564082618601	0.0470789632817778
ENSG00000253719.3_3	0.217107481293216	5.49230360763033	9.78447387841754	0.00175991578577525	0.0473350341765431
ENSG00000181666.17_3	-0.529616573699565	3.3581622249296	9.77820373515675	0.00176592749357571	0.0473350341765431
ENSG00000120709.10_3	0.223531801455764	4.86385832995017	9.7780644546088	0.00176606126941917	0.0473350341765431
ENSG00000113532.12_2	0.331068314334815	4.57179244509472	9.77405779259101	0.00176991397844295	0.0473350341765431
ENSG00000264044.1_4	0.632282976793757	3.79216997389714	9.77401826925581	0.00176995202551562	0.0473350341765431
ENSG00000164741.14_5	2.1244669416595	-2.35771485526419	9.77286912892271	0.00177105860598179	0.0473350341765431
ENSG00000245213.6_4	0.547510611978744	0.533318448985693	9.77168511923315	0.00177219949770042	0.0473350341765431
ENSG00000138709.17_3	-0.42627213488204	3.76364953173028	9.76386301203217	0.00177975548432077	0.047471554937556
ENSG00000062716.12_3	-0.406092885200181	6.04211023037857	9.75664538958426	0.00178675651019311	0.0475894365822639
ENSG00000272047.1_2	-0.43123582333058	3.32286447274393	9.7542598800643	0.001789076563243	0.0475894365822639
ENSG00000224470.7_3	0.440346988444341	4.19216532961722	9.74897997258421	0.00179422245669087	0.0476001986600132
ENSG00000248492.1_4	0.527607572206583	1.0009292495554	9.74691487201795	0.00179623921947569	0.0476001986600132
ENSG00000035141.7_2	-0.385508047861624	4.801665998498	9.74497074583024	0.0017981399389158	0.0476001986600132
ENSG00000182253.14_2	-1.61395666517595	0.990316288106916	9.74379897808751	0.00179928652881088	0.0476001986600132
ENSG00000230079.1_3	0.419350707534541	1.1391754811533	9.73999196554144	0.00180301685662901	0.0476339881932274
ENSG00000268205.1_4	-0.630488125524504	3.71158077156306	9.71853607987958	0.00182418760718817	0.0481278192342118
ENSG00000271870.1_4	-0.621042281554144	0.470665111969776	9.7144895899138	0.0018282084718661	0.0481619139883206
ENSG00000125741.4_4	0.280957273319133	4.46739048131433	9.71224728546071	0.00183044044306214	0.0481619139883206
ENSG00000168802.12_4	0.249114151552651	5.85484336725677	9.70807355629944	0.00183460229552078	0.0482060992887992
ENSG00000271687.1_2	-0.650510675796383	3.7062589468497	9.70364468816865	0.0018390290496791	0.0482571163333362
ENSG00000197102.11_3	0.437283709417266	6.94405538905792	9.69628620198927	0.00184640797339054	0.0483197903190605
ENSG00000003987.13_2	-0.770603746524995	-0.52145507183321	9.69283579387474	0.0018498782920252	0.0483197903190605
ENSG00000146670.9_3	0.345385362824295	5.34096463145614	9.69202943282471	0.00185069025872038	0.0483197903190605
ENSG00000196810.4_4	0.363671896504928	2.48997117113218	9.69135356941524	0.00185137109884545	0.0483197903190605
ENSG00000111850.10_3	-0.346418480371684	1.81133131549588	9.67945688310988	0.00186339703651732	0.0485180602688974
ENSG00000248704.1_3	-3.11318267157969	-1.86749442581884	9.67459200390249	0.00186833755106347	0.0485180602688974
ENSG00000137968.16_2	-4.78369219368087	-0.585531610186345	9.67456431409096	0.00186836570934146	0.0485180602688974
ENSG00000196199.13_2	-0.289080001742844	5.18790133982459	9.6739777917997	0.00186896225569756	0.0485180602688974
ENSG00000151239.13_3	-0.423554694015731	2.49674044463578	9.67024301043409	0.00187276539836073	0.0485518805145108
ENSG00000126003.6_2	0.386595092118326	4.65358672859693	9.66336450443907	0.00187979034832498	0.0486690253116993
ENSG00000214293.8_3	-0.487622466624214	1.09014857746061	9.66041066229462	0.00188281527029444	0.048682432647906
ENSG00000234465.10_2	-1.19396111199076	1.16304228644868	9.6535327426061	0.00188987783095284	0.0487834439950401
ENSG00000077420.15_2	0.28907982988492	5.70406150867594	9.65171729626149	0.00189174648925045	0.0487834439950401
ENSG00000012124.16_3	0.436437382961603	7.44562633384018	9.63890050054783	0.00190499234933707	0.0490077559661084
ENSG00000139233.6_3	-0.413369146525579	3.05099486772946	9.6384182039281	0.00190549262305139	0.0490077559661084
ENSG00000157181.15_3	-0.431757964235308	3.13775604989872	9.63379822189609	0.00191029156311535	0.049019863173025
ENSG00000126016.15_3	1.87254307151628	1.65919194708775	9.63310539919337	0.00191101227840045	0.049019863173025
ENSG00000253309.6_4	-0.485406963414869	0.578576256834211	9.62923620106852	0.00191504231889167	0.0490584323855388
ENSG00000232754.1_5	0.743821191656648	-0.847519061034267	9.62024318672565	0.00192444248742248	0.0492342875108955
ENSG00000206561.12_4	-0.925773993108943	-1.12613350239606	9.6158534327144	0.00192904796028344	0.0492871753852418
ENSG00000213002.1	-0.507664702333066	4.37754906763366	9.59309687889026	0.00195310251753056	0.0497808887074036
ENSG00000176390.11_3	0.203466972258468	4.38823894927534	9.59229636383992	0.00195395420765474	0.0497808887074036
ENSG00000140992.18_4	0.378183185072319	4.35638508930287	9.58950320205645	0.00195692887974234	0.0497808887074036
ENSG00000175931.12_5	0.262190625121095	4.94807925341654	9.58791159901443	0.00195862596418047	0.0497808887074036
ENSG00000269958.1_5	-0.501436083550906	1.42067849761097	9.58452278953433	0.00196224433470107	0.0498076607728436
ENSG00000166224.16_3	0.358680549028582	3.61653903858108	9.58131492943647	0.00196567574181264	0.0498218375375389
ENSG00000165669.13_2	-0.278307932282174	3.917030365225	9.57920655145853	0.00196793435942385	0.0498218375375389
